Pwin3: (25 32 8) hold:  (25, 32, 8) Pwin3: (32 33 0) roll:  (32, 33, 0) Pwin3: (33 33 0) roll:  (33, 33, 0) Pwin3: (33 34 0) roll:  (33, 34, 0) Pwin3: (34 34 0) roll:  (34, 34, 0) Pwin3: (34 35 0) roll:  (34, 35, 0) Pwin3: (35 35 0) roll:  (35, 35, 0) Pwin3: (35 36 0) roll:  (35, 36, 0) Pwin3: (36 36 0) roll:  (36, 36, 0) Pwin3: (36 37 0) roll:  (36, 37, 0) Pwin3: (37 37 0) roll:  (37, 37, 0) Pwin3: (37 38 0) roll:  (37, 38, 0) Pwin3: (38 38 0) roll:  (38, 38, 0) Pwin3: (38 39 0) roll:  (38, 39, 0) Pwin3: (39 39 0) roll:  (39, 39, 0) Pwin3: (39 40 0) 0
Pwin3: (39 39 2) 1
Pwin3: (39 39 3) 1
Pwin3: (39 39 4) 1
Pwin3: (39 39 5) 1
Pwin3: (39 39 6) 1
1
1
Pwin3: (38 39 2) 1
Pwin3: (38 39 3) 1
Pwin3: (38 39 4) 1
Pwin3: (38 39 5) 1
Pwin3: (38 39 6) 1
0
0
Pwin3: (38 38 2) 1
Pwin3: (38 38 3) 1
Pwin3: (38 38 4) 1
Pwin3: (38 38 5) 1
Pwin3: (38 38 6) 1
1
1
Pwin3: (37 38 2) hold:  (37, 38, 2) 1
roll:  (37, 38, 2) Pwin3: (37 38 4) 1
Pwin3: (37 38 5) 1
Pwin3: (37 38 6) 1
Pwin3: (37 38 7) 1
Pwin3: (37 38 8) 1
0
1
Pwin3: (37 38 3) 1
0
0
Pwin3: (37 37 2) hold:  (37, 37, 2) Pwin3: (37 39 0) roll:  (37, 39, 0) Pwin3: (39 38 0) roll:  (39, 38, 0) Pwin3: (38 40 0) 0
Pwin3: (39 38 2) 1
Pwin3: (39 38 3) 1
Pwin3: (39 38 4) 1
Pwin3: (39 38 5) 1
Pwin3: (39 38 6) 1
1
1
Pwin3: (37 39 2) hold:  (37, 39, 2) 0
roll:  (37, 39, 2) Pwin3: (37 39 4) 1
Pwin3: (37 39 5) 1
Pwin3: (37 39 6) 1
Pwin3: (37 39 7) 1
Pwin3: (37 39 8) 1
0
0
Pwin3: (37 39 3) 1
0
0
1
roll:  (37, 37, 2) Pwin3: (37 37 4) 1
Pwin3: (37 37 5) 1
Pwin3: (37 37 6) 1
Pwin3: (37 37 7) 1
Pwin3: (37 37 8) 1
1
1
Pwin3: (37 37 3) 1
1
1
Pwin3: (36 37 2) hold:  (36, 37, 2) 1
roll:  (36, 37, 2) Pwin3: (36 37 4) 1
Pwin3: (36 37 5) 1
Pwin3: (36 37 6) 1
Pwin3: (36 37 7) 1
Pwin3: (36 37 8) 1
0
1
Pwin3: (36 37 3) hold:  (36, 37, 3) 1
roll:  (36, 37, 3) Pwin3: (36 37 9) 1
0
1
0
0
Pwin3: (36 36 2) hold:  (36, 36, 2) Pwin3: (36 38 0) roll:  (36, 38, 0) Pwin3: (38 37 0) roll:  (38, 37, 0) Pwin3: (38 37 2) 1
Pwin3: (38 37 3) 1
Pwin3: (38 37 4) 1
Pwin3: (38 37 5) 1
Pwin3: (38 37 6) 1
1
1
Pwin3: (36 38 2) hold:  (36, 38, 2) 0
roll:  (36, 38, 2) Pwin3: (36 38 4) 1
Pwin3: (36 38 5) 1
Pwin3: (36 38 6) 1
Pwin3: (36 38 7) 1
Pwin3: (36 38 8) 1
0
0
Pwin3: (36 38 3) hold:  (36, 38, 3) 1
roll:  (36, 38, 3) Pwin3: (36 38 9) 1
0
1
0
0
1
roll:  (36, 36, 2) Pwin3: (36 36 4) 1
Pwin3: (36 36 5) 1
Pwin3: (36 36 6) 1
Pwin3: (36 36 7) 1
Pwin3: (36 36 8) 1
1
1
Pwin3: (36 36 3) hold:  (36, 36, 3) Pwin3: (36 39 0) roll:  (36, 39, 0) Pwin3: (39 37 0) roll:  (39, 37, 0) Pwin3: (37 40 0) 0
Pwin3: (39 37 2) 1
Pwin3: (39 37 3) 1
Pwin3: (39 37 4) 1
Pwin3: (39 37 5) 1
Pwin3: (39 37 6) 1
1
1
Pwin3: (36 39 2) hold:  (36, 39, 2) 0
roll:  (36, 39, 2) Pwin3: (36 39 4) 1
Pwin3: (36 39 5) 1
Pwin3: (36 39 6) 1
Pwin3: (36 39 7) 1
Pwin3: (36 39 8) 1
0
0
Pwin3: (36 39 3) hold:  (36, 39, 3) 0
roll:  (36, 39, 3) Pwin3: (36 39 9) 1
0
0
0
0
1
roll:  (36, 36, 3) Pwin3: (36 36 9) 1
1
1
1
1
Pwin3: (35 36 2) hold:  (35, 36, 2) 1
roll:  (35, 36, 2) Pwin3: (35 36 4) hold:  (35, 36, 4) 1
roll:  (35, 36, 4) Pwin3: (35 36 6) 1
Pwin3: (35 36 7) 1
Pwin3: (35 36 8) 1
Pwin3: (35 36 9) 1
Pwin3: (35 36 10) 1
0
1
Pwin3: (35 36 5) 1
0
1
Pwin3: (35 36 3) hold:  (35, 36, 3) 1
roll:  (35, 36, 3) 0
1
0
0
Pwin3: (35 35 2) hold:  (35, 35, 2) Pwin3: (35 37 0) roll:  (35, 37, 0) Pwin3: (37 36 0) roll:  (37, 36, 0) Pwin3: (37 36 2) hold:  (37, 36, 2) 1
roll:  (37, 36, 2) Pwin3: (37 36 4) 1
Pwin3: (37 36 5) 1
Pwin3: (37 36 6) 1
Pwin3: (37 36 7) 1
Pwin3: (37 36 8) 1
1
1
Pwin3: (37 36 3) 1
1
1
Pwin3: (35 37 2) hold:  (35, 37, 2) 0
roll:  (35, 37, 2) Pwin3: (35 37 4) hold:  (35, 37, 4) 1
roll:  (35, 37, 4) Pwin3: (35 37 6) 1
Pwin3: (35 37 7) 1
Pwin3: (35 37 8) 1
Pwin3: (35 37 9) 1
Pwin3: (35 37 10) 1
0
1
Pwin3: (35 37 5) 1
0
0
Pwin3: (35 37 3) hold:  (35, 37, 3) 1
roll:  (35, 37, 3) 0
1
0
0
1
roll:  (35, 35, 2) Pwin3: (35 35 4) hold:  (35, 35, 4) Pwin3: (35 39 0) roll:  (35, 39, 0) Pwin3: (39 36 0) roll:  (39, 36, 0) Pwin3: (36 40 0) 0
Pwin3: (39 36 2) 1
Pwin3: (39 36 3) 1
Pwin3: (39 36 4) 1
Pwin3: (39 36 5) 1
Pwin3: (39 36 6) 1
1
1
Pwin3: (35 39 2) hold:  (35, 39, 2) 0
roll:  (35, 39, 2) Pwin3: (35 39 4) hold:  (35, 39, 4) 0
roll:  (35, 39, 4) Pwin3: (35 39 6) 1
Pwin3: (35 39 7) 1
Pwin3: (35 39 8) 1
Pwin3: (35 39 9) 1
Pwin3: (35 39 10) 1
0
0
Pwin3: (35 39 5) 1
0
0
Pwin3: (35 39 3) hold:  (35, 39, 3) 0
roll:  (35, 39, 3) 0
0
0
0
1
roll:  (35, 35, 4) Pwin3: (35 35 6) 1
Pwin3: (35 35 7) 1
Pwin3: (35 35 8) 1
Pwin3: (35 35 9) 1
Pwin3: (35 35 10) 1
1
1
Pwin3: (35 35 5) 1
1
1
Pwin3: (35 35 3) hold:  (35, 35, 3) Pwin3: (35 38 0) roll:  (35, 38, 0) Pwin3: (38 36 0) roll:  (38, 36, 0) Pwin3: (38 36 2) 1
Pwin3: (38 36 3) 1
Pwin3: (38 36 4) 1
Pwin3: (38 36 5) 1
Pwin3: (38 36 6) 1
1
1
Pwin3: (35 38 2) hold:  (35, 38, 2) 0
roll:  (35, 38, 2) Pwin3: (35 38 4) hold:  (35, 38, 4) 1
roll:  (35, 38, 4) Pwin3: (35 38 6) 1
Pwin3: (35 38 7) 1
Pwin3: (35 38 8) 1
Pwin3: (35 38 9) 1
Pwin3: (35 38 10) 1
0
1
Pwin3: (35 38 5) 1
0
0
Pwin3: (35 38 3) hold:  (35, 38, 3) 0
roll:  (35, 38, 3) 0
0
0
0
1
roll:  (35, 35, 3) 1
1
1
1
Pwin3: (34 35 2) hold:  (34, 35, 2) 1
roll:  (34, 35, 2) Pwin3: (34 35 4) hold:  (34, 35, 4) 1
roll:  (34, 35, 4) Pwin3: (34 35 6) 1
Pwin3: (34 35 7) 1
Pwin3: (34 35 8) 1
Pwin3: (34 35 9) 1
Pwin3: (34 35 10) 1
0
1
Pwin3: (34 35 5) hold:  (34, 35, 5) 1
roll:  (34, 35, 5) Pwin3: (34 35 11) 1
0
1
0
1
Pwin3: (34 35 3) hold:  (34, 35, 3) 1
roll:  (34, 35, 3) 0
1
0
0
Pwin3: (34 34 2) hold:  (34, 34, 2) Pwin3: (34 36 0) roll:  (34, 36, 0) Pwin3: (36 35 0) roll:  (36, 35, 0) Pwin3: (36 35 2) hold:  (36, 35, 2) 1
roll:  (36, 35, 2) Pwin3: (36 35 4) 1
Pwin3: (36 35 5) 1
Pwin3: (36 35 6) 1
Pwin3: (36 35 7) 1
Pwin3: (36 35 8) 1
1
1
Pwin3: (36 35 3) hold:  (36, 35, 3) 1
roll:  (36, 35, 3) Pwin3: (36 35 9) 1
1
1
1
1
Pwin3: (34 36 2) hold:  (34, 36, 2) 0
roll:  (34, 36, 2) Pwin3: (34 36 4) hold:  (34, 36, 4) 1
roll:  (34, 36, 4) Pwin3: (34 36 6) 1
Pwin3: (34 36 7) 1
Pwin3: (34 36 8) 1
Pwin3: (34 36 9) 1
Pwin3: (34 36 10) 1
0
1
Pwin3: (34 36 5) hold:  (34, 36, 5) 1
roll:  (34, 36, 5) Pwin3: (34 36 11) 1
0
1
0
0
Pwin3: (34 36 3) hold:  (34, 36, 3) 1
roll:  (34, 36, 3) 0
1
0
0
1
roll:  (34, 34, 2) Pwin3: (34 34 4) hold:  (34, 34, 4) Pwin3: (34 38 0) roll:  (34, 38, 0) Pwin3: (38 35 0) roll:  (38, 35, 0) Pwin3: (38 35 2) 1
Pwin3: (38 35 3) 1
Pwin3: (38 35 4) 1
Pwin3: (38 35 5) 1
Pwin3: (38 35 6) 1
1
1
Pwin3: (34 38 2) hold:  (34, 38, 2) 0
roll:  (34, 38, 2) Pwin3: (34 38 4) hold:  (34, 38, 4) 0
roll:  (34, 38, 4) Pwin3: (34 38 6) 1
Pwin3: (34 38 7) 1
Pwin3: (34 38 8) 1
Pwin3: (34 38 9) 1
Pwin3: (34 38 10) 1
0
0
Pwin3: (34 38 5) hold:  (34, 38, 5) 1
roll:  (34, 38, 5) Pwin3: (34 38 11) 1
0
1
0
0
Pwin3: (34 38 3) hold:  (34, 38, 3) 0
roll:  (34, 38, 3) 0
0
0
0
1
roll:  (34, 34, 4) Pwin3: (34 34 6) 1
Pwin3: (34 34 7) 1
Pwin3: (34 34 8) 1
Pwin3: (34 34 9) 1
Pwin3: (34 34 10) 1
1
1
Pwin3: (34 34 5) hold:  (34, 34, 5) Pwin3: (34 39 0) roll:  (34, 39, 0) Pwin3: (39 35 0) roll:  (39, 35, 0) Pwin3: (35 40 0) 0
Pwin3: (39 35 2) 1
Pwin3: (39 35 3) 1
Pwin3: (39 35 4) 1
Pwin3: (39 35 5) 1
Pwin3: (39 35 6) 1
1
1
Pwin3: (34 39 2) hold:  (34, 39, 2) 0
roll:  (34, 39, 2) Pwin3: (34 39 4) hold:  (34, 39, 4) 0
roll:  (34, 39, 4) Pwin3: (34 39 6) 1
Pwin3: (34 39 7) 1
Pwin3: (34 39 8) 1
Pwin3: (34 39 9) 1
Pwin3: (34 39 10) 1
0
0
Pwin3: (34 39 5) hold:  (34, 39, 5) 0
roll:  (34, 39, 5) Pwin3: (34 39 11) 1
0
0
0
0
Pwin3: (34 39 3) hold:  (34, 39, 3) 0
roll:  (34, 39, 3) 0
0
0
0
1
roll:  (34, 34, 5) Pwin3: (34 34 11) 1
1
1
1
1
Pwin3: (34 34 3) hold:  (34, 34, 3) Pwin3: (34 37 0) roll:  (34, 37, 0) Pwin3: (37 35 0) roll:  (37, 35, 0) Pwin3: (37 35 2) hold:  (37, 35, 2) 1
roll:  (37, 35, 2) Pwin3: (37 35 4) 1
Pwin3: (37 35 5) 1
Pwin3: (37 35 6) 1
Pwin3: (37 35 7) 1
Pwin3: (37 35 8) 1
1
1
Pwin3: (37 35 3) 1
1
1
Pwin3: (34 37 2) hold:  (34, 37, 2) 0
roll:  (34, 37, 2) Pwin3: (34 37 4) hold:  (34, 37, 4) 1
roll:  (34, 37, 4) Pwin3: (34 37 6) 1
Pwin3: (34 37 7) 1
Pwin3: (34 37 8) 1
Pwin3: (34 37 9) 1
Pwin3: (34 37 10) 1
0
1
Pwin3: (34 37 5) hold:  (34, 37, 5) 1
roll:  (34, 37, 5) Pwin3: (34 37 11) 1
0
1
0
0
Pwin3: (34 37 3) hold:  (34, 37, 3) 0
roll:  (34, 37, 3) 0
0
0
0
1
roll:  (34, 34, 3) 1
1
1
1
Pwin3: (33 34 2) hold:  (33, 34, 2) 1
roll:  (33, 34, 2) Pwin3: (33 34 4) hold:  (33, 34, 4) 1
roll:  (33, 34, 4) Pwin3: (33 34 6) hold:  (33, 34, 6) 1
roll:  (33, 34, 6) Pwin3: (33 34 8) 1
Pwin3: (33 34 9) 1
Pwin3: (33 34 10) 1
Pwin3: (33 34 11) 1
Pwin3: (33 34 12) 1
0
1
Pwin3: (33 34 7) 1
0
1
Pwin3: (33 34 5) hold:  (33, 34, 5) 1
roll:  (33, 34, 5) 0
1
0
1
Pwin3: (33 34 3) hold:  (33, 34, 3) 1
roll:  (33, 34, 3) 0
1
0
0
Pwin3: (33 33 2) hold:  (33, 33, 2) Pwin3: (33 35 0) roll:  (33, 35, 0) Pwin3: (35 34 0) roll:  (35, 34, 0) Pwin3: (35 34 2) hold:  (35, 34, 2) 1
roll:  (35, 34, 2) Pwin3: (35 34 4) hold:  (35, 34, 4) 1
roll:  (35, 34, 4) Pwin3: (35 34 6) 1
Pwin3: (35 34 7) 1
Pwin3: (35 34 8) 1
Pwin3: (35 34 9) 1
Pwin3: (35 34 10) 1
1
1
Pwin3: (35 34 5) 1
1
1
Pwin3: (35 34 3) hold:  (35, 34, 3) 1
roll:  (35, 34, 3) 1
1
1
1
Pwin3: (33 35 2) hold:  (33, 35, 2) 0
roll:  (33, 35, 2) Pwin3: (33 35 4) hold:  (33, 35, 4) 1
roll:  (33, 35, 4) Pwin3: (33 35 6) hold:  (33, 35, 6) 1
roll:  (33, 35, 6) Pwin3: (33 35 8) 1
Pwin3: (33 35 9) 1
Pwin3: (33 35 10) 1
Pwin3: (33 35 11) 1
Pwin3: (33 35 12) 1
0
1
Pwin3: (33 35 7) 1
0
1
Pwin3: (33 35 5) hold:  (33, 35, 5) 1
roll:  (33, 35, 5) 0
1
0
0
Pwin3: (33 35 3) hold:  (33, 35, 3) 1
roll:  (33, 35, 3) 0
1
0
0
1
roll:  (33, 33, 2) Pwin3: (33 33 4) hold:  (33, 33, 4) Pwin3: (33 37 0) roll:  (33, 37, 0) Pwin3: (37 34 0) roll:  (37, 34, 0) Pwin3: (37 34 2) hold:  (37, 34, 2) 1
roll:  (37, 34, 2) Pwin3: (37 34 4) 1
Pwin3: (37 34 5) 1
Pwin3: (37 34 6) 1
Pwin3: (37 34 7) 1
Pwin3: (37 34 8) 1
1
1
Pwin3: (37 34 3) 1
1
1
Pwin3: (33 37 2) hold:  (33, 37, 2) 0
roll:  (33, 37, 2) Pwin3: (33 37 4) hold:  (33, 37, 4) 0
roll:  (33, 37, 4) Pwin3: (33 37 6) hold:  (33, 37, 6) 1
roll:  (33, 37, 6) Pwin3: (33 37 8) 1
Pwin3: (33 37 9) 1
Pwin3: (33 37 10) 1
Pwin3: (33 37 11) 1
Pwin3: (33 37 12) 1
0
1
Pwin3: (33 37 7) 1
0
0
Pwin3: (33 37 5) hold:  (33, 37, 5) 1
roll:  (33, 37, 5) 0
1
0
0
Pwin3: (33 37 3) hold:  (33, 37, 3) 0
roll:  (33, 37, 3) 0
0
0
0
1
roll:  (33, 33, 4) Pwin3: (33 33 6) hold:  (33, 33, 6) Pwin3: (33 39 0) roll:  (33, 39, 0) Pwin3: (39 34 0) roll:  (39, 34, 0) Pwin3: (34 40 0) 0
Pwin3: (39 34 2) 1
Pwin3: (39 34 3) 1
Pwin3: (39 34 4) 1
Pwin3: (39 34 5) 1
Pwin3: (39 34 6) 1
1
1
Pwin3: (33 39 2) hold:  (33, 39, 2) 0
roll:  (33, 39, 2) Pwin3: (33 39 4) hold:  (33, 39, 4) 0
roll:  (33, 39, 4) Pwin3: (33 39 6) hold:  (33, 39, 6) 0
roll:  (33, 39, 6) Pwin3: (33 39 8) 1
Pwin3: (33 39 9) 1
Pwin3: (33 39 10) 1
Pwin3: (33 39 11) 1
Pwin3: (33 39 12) 1
0
0
Pwin3: (33 39 7) 1
0
0
Pwin3: (33 39 5) hold:  (33, 39, 5) 0
roll:  (33, 39, 5) 0
0
0
0
Pwin3: (33 39 3) hold:  (33, 39, 3) 0
roll:  (33, 39, 3) 0
0
0
0
1
roll:  (33, 33, 6) Pwin3: (33 33 8) 1
Pwin3: (33 33 9) 1
Pwin3: (33 33 10) 1
Pwin3: (33 33 11) 1
Pwin3: (33 33 12) 1
1
1
Pwin3: (33 33 7) 1
1
1
Pwin3: (33 33 5) hold:  (33, 33, 5) Pwin3: (33 38 0) roll:  (33, 38, 0) Pwin3: (38 34 0) roll:  (38, 34, 0) Pwin3: (38 34 2) 1
Pwin3: (38 34 3) 1
Pwin3: (38 34 4) 1
Pwin3: (38 34 5) 1
Pwin3: (38 34 6) 1
1
1
Pwin3: (33 38 2) hold:  (33, 38, 2) 0
roll:  (33, 38, 2) Pwin3: (33 38 4) hold:  (33, 38, 4) 0
roll:  (33, 38, 4) Pwin3: (33 38 6) hold:  (33, 38, 6) 1
roll:  (33, 38, 6) Pwin3: (33 38 8) 1
Pwin3: (33 38 9) 1
Pwin3: (33 38 10) 1
Pwin3: (33 38 11) 1
Pwin3: (33 38 12) 1
0
1
Pwin3: (33 38 7) 1
0
0
Pwin3: (33 38 5) hold:  (33, 38, 5) 0
roll:  (33, 38, 5) 0
0
0
0
Pwin3: (33 38 3) hold:  (33, 38, 3) 0
roll:  (33, 38, 3) 0
0
0
0
1
roll:  (33, 33, 5) 1
1
1
1
Pwin3: (33 33 3) hold:  (33, 33, 3) Pwin3: (33 36 0) roll:  (33, 36, 0) Pwin3: (36 34 0) roll:  (36, 34, 0) Pwin3: (36 34 2) hold:  (36, 34, 2) 1
roll:  (36, 34, 2) Pwin3: (36 34 4) 1
Pwin3: (36 34 5) 1
Pwin3: (36 34 6) 1
Pwin3: (36 34 7) 1
Pwin3: (36 34 8) 1
1
1
Pwin3: (36 34 3) hold:  (36, 34, 3) 1
roll:  (36, 34, 3) Pwin3: (36 34 9) 1
1
1
1
1
Pwin3: (33 36 2) hold:  (33, 36, 2) 0
roll:  (33, 36, 2) Pwin3: (33 36 4) hold:  (33, 36, 4) 1
roll:  (33, 36, 4) Pwin3: (33 36 6) hold:  (33, 36, 6) 1
roll:  (33, 36, 6) Pwin3: (33 36 8) 1
Pwin3: (33 36 9) 1
Pwin3: (33 36 10) 1
Pwin3: (33 36 11) 1
Pwin3: (33 36 12) 1
0
1
Pwin3: (33 36 7) 1
0
1
Pwin3: (33 36 5) hold:  (33, 36, 5) 1
roll:  (33, 36, 5) 0
1
0
0
Pwin3: (33 36 3) hold:  (33, 36, 3) 0
roll:  (33, 36, 3) 0
0
0
0
1
roll:  (33, 33, 3) 1
1
1
1
Pwin3: (32 33 2) hold:  (32, 33, 2) 1
roll:  (32, 33, 2) Pwin3: (32 33 4) hold:  (32, 33, 4) 1
roll:  (32, 33, 4) Pwin3: (32 33 6) hold:  (32, 33, 6) 1
roll:  (32, 33, 6) Pwin3: (32 33 8) 1
Pwin3: (32 33 9) 1
Pwin3: (32 33 10) 1
Pwin3: (32 33 11) 1
Pwin3: (32 33 12) 1
0
1
Pwin3: (32 33 7) hold:  (32, 33, 7) 1
roll:  (32, 33, 7) Pwin3: (32 33 13) 1
0
1
0
1
Pwin3: (32 33 5) hold:  (32, 33, 5) 1
roll:  (32, 33, 5) 0
1
0
1
Pwin3: (32 33 3) hold:  (32, 33, 3) 1
roll:  (32, 33, 3) 0
1
0
0
1
roll:  (25, 32, 8) Pwin3: (32 26 0) roll:  (32, 26, 0) Pwin3: (26 33 0) roll:  (26, 33, 0) Pwin3: (33 27 0) roll:  (33, 27, 0) Pwin3: (27 34 0) roll:  (27, 34, 0) Pwin3: (34 28 0) roll:  (34, 28, 0) Pwin3: (28 35 0) roll:  (28, 35, 0) Pwin3: (35 29 0) roll:  (35, 29, 0) Pwin3: (29 36 0) roll:  (29, 36, 0) Pwin3: (36 30 0) roll:  (36, 30, 0) Pwin3: (30 37 0) roll:  (30, 37, 0) Pwin3: (37 31 0) roll:  (37, 31, 0) Pwin3: (31 38 0) roll:  (31, 38, 0) Pwin3: (38 32 0) roll:  (38, 32, 0) Pwin3: (32 39 0) roll:  (32, 39, 0) Pwin3: (39 33 0) roll:  (39, 33, 0) Pwin3: (33 40 0) 0
Pwin3: (39 33 2) 1
Pwin3: (39 33 3) 1
Pwin3: (39 33 4) 1
Pwin3: (39 33 5) 1
Pwin3: (39 33 6) 1
1
1
Pwin3: (32 39 2) hold:  (32, 39, 2) 0
roll:  (32, 39, 2) Pwin3: (32 39 4) hold:  (32, 39, 4) 0
roll:  (32, 39, 4) Pwin3: (32 39 6) hold:  (32, 39, 6) 0
roll:  (32, 39, 6) Pwin3: (32 39 8) 1
Pwin3: (32 39 9) 1
Pwin3: (32 39 10) 1
Pwin3: (32 39 11) 1
Pwin3: (32 39 12) 1
0
0
Pwin3: (32 39 7) hold:  (32, 39, 7) 0
roll:  (32, 39, 7) Pwin3: (32 39 13) 1
0
0
0
0
Pwin3: (32 39 5) hold:  (32, 39, 5) 0
roll:  (32, 39, 5) 0
0
0
0
Pwin3: (32 39 3) hold:  (32, 39, 3) 0
roll:  (32, 39, 3) 0
0
0
0
Pwin3: (38 32 2) 1
Pwin3: (38 32 3) 1
Pwin3: (38 32 4) 1
Pwin3: (38 32 5) 1
Pwin3: (38 32 6) 1
1
1
Pwin3: (31 38 2) hold:  (31, 38, 2) Pwin3: (38 33 0) roll:  (38, 33, 0) Pwin3: (38 33 2) 1
Pwin3: (38 33 3) 1
Pwin3: (38 33 4) 1
Pwin3: (38 33 5) 1
Pwin3: (38 33 6) 1
1
1
0
roll:  (31, 38, 2) Pwin3: (31 38 4) hold:  (31, 38, 4) 0
roll:  (31, 38, 4) Pwin3: (31 38 6) hold:  (31, 38, 6) 0
roll:  (31, 38, 6) Pwin3: (31 38 8) hold:  (31, 38, 8) 1
roll:  (31, 38, 8) Pwin3: (31 38 10) 1
Pwin3: (31 38 11) 1
Pwin3: (31 38 12) 1
Pwin3: (31 38 13) 1
Pwin3: (31 38 14) 1
0
1
Pwin3: (31 38 9) 1
0
0
Pwin3: (31 38 7) hold:  (31, 38, 7) 0
roll:  (31, 38, 7) 0
0
0
0
Pwin3: (31 38 5) hold:  (31, 38, 5) 0
roll:  (31, 38, 5) 0
0
0
0
Pwin3: (31 38 3) hold:  (31, 38, 3) 0
roll:  (31, 38, 3) 0
0
0
0
Pwin3: (37 31 2) hold:  (37, 31, 2) Pwin3: (31 39 0) roll:  (31, 39, 0) Pwin3: (39 32 0) roll:  (39, 32, 0) Pwin3: (32 40 0) 0
Pwin3: (39 32 2) 1
Pwin3: (39 32 3) 1
Pwin3: (39 32 4) 1
Pwin3: (39 32 5) 1
Pwin3: (39 32 6) 1
1
1
Pwin3: (31 39 2) hold:  (31, 39, 2) 0
roll:  (31, 39, 2) Pwin3: (31 39 4) hold:  (31, 39, 4) 0
roll:  (31, 39, 4) Pwin3: (31 39 6) hold:  (31, 39, 6) 0
roll:  (31, 39, 6) Pwin3: (31 39 8) hold:  (31, 39, 8) 0
roll:  (31, 39, 8) Pwin3: (31 39 10) 1
Pwin3: (31 39 11) 1
Pwin3: (31 39 12) 1
Pwin3: (31 39 13) 1
Pwin3: (31 39 14) 1
0
0
Pwin3: (31 39 9) 1
0
0
Pwin3: (31 39 7) hold:  (31, 39, 7) 0
roll:  (31, 39, 7) 0
0
0
0
Pwin3: (31 39 5) hold:  (31, 39, 5) 0
roll:  (31, 39, 5) 0
0
0
0
Pwin3: (31 39 3) hold:  (31, 39, 3) 0
roll:  (31, 39, 3) 0
0
0
0
1
roll:  (37, 31, 2) Pwin3: (37 31 4) 1
Pwin3: (37 31 5) 1
Pwin3: (37 31 6) 1
Pwin3: (37 31 7) 1
Pwin3: (37 31 8) 1
1
1
Pwin3: (37 31 3) 1
1
1
Pwin3: (30 37 2) hold:  (30, 37, 2) Pwin3: (37 32 0) roll:  (37, 32, 0) Pwin3: (32 38 0) roll:  (32, 38, 0) Pwin3: (32 38 2) hold:  (32, 38, 2) 0
roll:  (32, 38, 2) Pwin3: (32 38 4) hold:  (32, 38, 4) 0
roll:  (32, 38, 4) Pwin3: (32 38 6) hold:  (32, 38, 6) 0
roll:  (32, 38, 6) Pwin3: (32 38 8) 1
Pwin3: (32 38 9) 1
Pwin3: (32 38 10) 1
Pwin3: (32 38 11) 1
Pwin3: (32 38 12) 1
0
0
Pwin3: (32 38 7) hold:  (32, 38, 7) 1
roll:  (32, 38, 7) Pwin3: (32 38 13) 1
0
1
0
0
Pwin3: (32 38 5) hold:  (32, 38, 5) 0
roll:  (32, 38, 5) 0
0
0
0
Pwin3: (32 38 3) hold:  (32, 38, 3) 0
roll:  (32, 38, 3) 0
0
0
0
Pwin3: (37 32 2) hold:  (37, 32, 2) 1
roll:  (37, 32, 2) Pwin3: (37 32 4) 1
Pwin3: (37 32 5) 1
Pwin3: (37 32 6) 1
Pwin3: (37 32 7) 1
Pwin3: (37 32 8) 1
1
1
Pwin3: (37 32 3) 1
1
1
0
roll:  (30, 37, 2) Pwin3: (30 37 4) hold:  (30, 37, 4) 0
roll:  (30, 37, 4) Pwin3: (30 37 6) hold:  (30, 37, 6) 0
roll:  (30, 37, 6) Pwin3: (30 37 8) hold:  (30, 37, 8) 1
roll:  (30, 37, 8) Pwin3: (30 37 10) 1
Pwin3: (30 37 11) 1
Pwin3: (30 37 12) 1
Pwin3: (30 37 13) 1
Pwin3: (30 37 14) 1
0
1
Pwin3: (30 37 9) hold:  (30, 37, 9) 1
roll:  (30, 37, 9) Pwin3: (30 37 15) 1
0
1
0
0
Pwin3: (30 37 7) hold:  (30, 37, 7) 0
roll:  (30, 37, 7) 0
0
0
0
Pwin3: (30 37 5) hold:  (30, 37, 5) 0
roll:  (30, 37, 5) 0
0
0
0
Pwin3: (30 37 3) hold:  (30, 37, 3) Pwin3: (37 33 0) roll:  (37, 33, 0) Pwin3: (37 33 2) hold:  (37, 33, 2) 1
roll:  (37, 33, 2) Pwin3: (37 33 4) 1
Pwin3: (37 33 5) 1
Pwin3: (37 33 6) 1
Pwin3: (37 33 7) 1
Pwin3: (37 33 8) 1
1
1
Pwin3: (37 33 3) 1
1
1
0
roll:  (30, 37, 3) 0
0
0
0
Pwin3: (36 30 2) hold:  (36, 30, 2) Pwin3: (30 38 0) roll:  (30, 38, 0) Pwin3: (38 31 0) roll:  (38, 31, 0) Pwin3: (38 31 2) 1
Pwin3: (38 31 3) 1
Pwin3: (38 31 4) 1
Pwin3: (38 31 5) 1
Pwin3: (38 31 6) 1
1
1
Pwin3: (30 38 2) hold:  (30, 38, 2) 0
roll:  (30, 38, 2) Pwin3: (30 38 4) hold:  (30, 38, 4) 0
roll:  (30, 38, 4) Pwin3: (30 38 6) hold:  (30, 38, 6) 0
roll:  (30, 38, 6) Pwin3: (30 38 8) hold:  (30, 38, 8) 0
roll:  (30, 38, 8) Pwin3: (30 38 10) 1
Pwin3: (30 38 11) 1
Pwin3: (30 38 12) 1
Pwin3: (30 38 13) 1
Pwin3: (30 38 14) 1
0
0
Pwin3: (30 38 9) hold:  (30, 38, 9) 1
roll:  (30, 38, 9) Pwin3: (30 38 15) 1
0
1
0
0
Pwin3: (30 38 7) hold:  (30, 38, 7) 0
roll:  (30, 38, 7) 0
0
0
0
Pwin3: (30 38 5) hold:  (30, 38, 5) 0
roll:  (30, 38, 5) 0
0
0
0
Pwin3: (30 38 3) hold:  (30, 38, 3) 0
roll:  (30, 38, 3) 0
0
0
0
1
roll:  (36, 30, 2) Pwin3: (36 30 4) 1
Pwin3: (36 30 5) 1
Pwin3: (36 30 6) 1
Pwin3: (36 30 7) 1
Pwin3: (36 30 8) 1
1
1
Pwin3: (36 30 3) hold:  (36, 30, 3) Pwin3: (30 39 0) roll:  (30, 39, 0) Pwin3: (39 31 0) roll:  (39, 31, 0) Pwin3: (31 40 0) 0
Pwin3: (39 31 2) 1
Pwin3: (39 31 3) 1
Pwin3: (39 31 4) 1
Pwin3: (39 31 5) 1
Pwin3: (39 31 6) 1
1
1
Pwin3: (30 39 2) hold:  (30, 39, 2) 0
roll:  (30, 39, 2) Pwin3: (30 39 4) hold:  (30, 39, 4) 0
roll:  (30, 39, 4) Pwin3: (30 39 6) hold:  (30, 39, 6) 0
roll:  (30, 39, 6) Pwin3: (30 39 8) hold:  (30, 39, 8) 0
roll:  (30, 39, 8) Pwin3: (30 39 10) 1
Pwin3: (30 39 11) 1
Pwin3: (30 39 12) 1
Pwin3: (30 39 13) 1
Pwin3: (30 39 14) 1
0
0
Pwin3: (30 39 9) hold:  (30, 39, 9) 0
roll:  (30, 39, 9) Pwin3: (30 39 15) 1
0
0
0
0
Pwin3: (30 39 7) hold:  (30, 39, 7) 0
roll:  (30, 39, 7) 0
0
0
0
Pwin3: (30 39 5) hold:  (30, 39, 5) 0
roll:  (30, 39, 5) 0
0
0
0
Pwin3: (30 39 3) hold:  (30, 39, 3) 0
roll:  (30, 39, 3) 0
0
0
0
1
roll:  (36, 30, 3) Pwin3: (36 30 9) 1
1
1
1
1
Pwin3: (29 36 2) hold:  (29, 36, 2) Pwin3: (36 31 0) roll:  (36, 31, 0) Pwin3: (31 37 0) roll:  (31, 37, 0) Pwin3: (31 37 2) hold:  (31, 37, 2) 0
roll:  (31, 37, 2) Pwin3: (31 37 4) hold:  (31, 37, 4) 0
roll:  (31, 37, 4) Pwin3: (31 37 6) hold:  (31, 37, 6) 0
roll:  (31, 37, 6) Pwin3: (31 37 8) hold:  (31, 37, 8) 1
roll:  (31, 37, 8) Pwin3: (31 37 10) 1
Pwin3: (31 37 11) 1
Pwin3: (31 37 12) 1
Pwin3: (31 37 13) 1
Pwin3: (31 37 14) 1
0
1
Pwin3: (31 37 9) 1
0
0
Pwin3: (31 37 7) hold:  (31, 37, 7) 1
roll:  (31, 37, 7) 0
1
0
0
Pwin3: (31 37 5) hold:  (31, 37, 5) 0
roll:  (31, 37, 5) 0
0
0
0
Pwin3: (31 37 3) hold:  (31, 37, 3) 0
roll:  (31, 37, 3) 0
0
0
0
Pwin3: (36 31 2) hold:  (36, 31, 2) 1
roll:  (36, 31, 2) Pwin3: (36 31 4) 1
Pwin3: (36 31 5) 1
Pwin3: (36 31 6) 1
Pwin3: (36 31 7) 1
Pwin3: (36 31 8) 1
1
1
Pwin3: (36 31 3) hold:  (36, 31, 3) 1
roll:  (36, 31, 3) Pwin3: (36 31 9) 1
1
1
1
1
0
roll:  (29, 36, 2) Pwin3: (29 36 4) hold:  (29, 36, 4) Pwin3: (36 33 0) roll:  (36, 33, 0) Pwin3: (36 33 2) hold:  (36, 33, 2) 1
roll:  (36, 33, 2) Pwin3: (36 33 4) 1
Pwin3: (36 33 5) 1
Pwin3: (36 33 6) 1
Pwin3: (36 33 7) 1
Pwin3: (36 33 8) 1
1
1
Pwin3: (36 33 3) hold:  (36, 33, 3) 1
roll:  (36, 33, 3) Pwin3: (36 33 9) 1
1
1
1
1
0
roll:  (29, 36, 4) Pwin3: (29 36 6) hold:  (29, 36, 6) 0
roll:  (29, 36, 6) Pwin3: (29 36 8) hold:  (29, 36, 8) 1
roll:  (29, 36, 8) Pwin3: (29 36 10) hold:  (29, 36, 10) 1
roll:  (29, 36, 10) Pwin3: (29 36 12) 1
Pwin3: (29 36 13) 1
Pwin3: (29 36 14) 1
Pwin3: (29 36 15) 1
Pwin3: (29 36 16) 1
0
1
Pwin3: (29 36 11) 1
0
1
Pwin3: (29 36 9) hold:  (29, 36, 9) 1
roll:  (29, 36, 9) 0
1
0
0
Pwin3: (29 36 7) hold:  (29, 36, 7) 0
roll:  (29, 36, 7) 0
0
0
0
Pwin3: (29 36 5) hold:  (29, 36, 5) 0
roll:  (29, 36, 5) 0
0
0
0
Pwin3: (29 36 3) hold:  (29, 36, 3) Pwin3: (36 32 0) roll:  (36, 32, 0) Pwin3: (32 37 0) roll:  (32, 37, 0) Pwin3: (32 37 2) hold:  (32, 37, 2) 0
roll:  (32, 37, 2) Pwin3: (32 37 4) hold:  (32, 37, 4) 0
roll:  (32, 37, 4) Pwin3: (32 37 6) hold:  (32, 37, 6) 1
roll:  (32, 37, 6) Pwin3: (32 37 8) 1
Pwin3: (32 37 9) 1
Pwin3: (32 37 10) 1
Pwin3: (32 37 11) 1
Pwin3: (32 37 12) 1
0
1
Pwin3: (32 37 7) hold:  (32, 37, 7) 1
roll:  (32, 37, 7) Pwin3: (32 37 13) 1
0
1
0
0
Pwin3: (32 37 5) hold:  (32, 37, 5) 0
roll:  (32, 37, 5) 0
0
0
0
Pwin3: (32 37 3) hold:  (32, 37, 3) 0
roll:  (32, 37, 3) 0
0
0
0
Pwin3: (36 32 2) hold:  (36, 32, 2) 1
roll:  (36, 32, 2) Pwin3: (36 32 4) 1
Pwin3: (36 32 5) 1
Pwin3: (36 32 6) 1
Pwin3: (36 32 7) 1
Pwin3: (36 32 8) 1
1
1
Pwin3: (36 32 3) hold:  (36, 32, 3) 1
roll:  (36, 32, 3) Pwin3: (36 32 9) 1
1
1
1
1
0
roll:  (29, 36, 3) 0
0
0
0
Pwin3: (35 29 2) hold:  (35, 29, 2) Pwin3: (29 37 0) roll:  (29, 37, 0) Pwin3: (37 30 0) roll:  (37, 30, 0) Pwin3: (37 30 2) hold:  (37, 30, 2) 1
roll:  (37, 30, 2) Pwin3: (37 30 4) 1
Pwin3: (37 30 5) 1
Pwin3: (37 30 6) 1
Pwin3: (37 30 7) 1
Pwin3: (37 30 8) 1
1
1
Pwin3: (37 30 3) 1
1
1
Pwin3: (29 37 2) hold:  (29, 37, 2) 0
roll:  (29, 37, 2) Pwin3: (29 37 4) hold:  (29, 37, 4) 0
roll:  (29, 37, 4) Pwin3: (29 37 6) hold:  (29, 37, 6) 0
roll:  (29, 37, 6) Pwin3: (29 37 8) hold:  (29, 37, 8) 0
roll:  (29, 37, 8) Pwin3: (29 37 10) hold:  (29, 37, 10) 1
roll:  (29, 37, 10) Pwin3: (29 37 12) 1
Pwin3: (29 37 13) 1
Pwin3: (29 37 14) 1
Pwin3: (29 37 15) 1
Pwin3: (29 37 16) 1
0
1
Pwin3: (29 37 11) 1
0
0
Pwin3: (29 37 9) hold:  (29, 37, 9) 1
roll:  (29, 37, 9) 0
1
0
0
Pwin3: (29 37 7) hold:  (29, 37, 7) 0
roll:  (29, 37, 7) 0
0
0
0
Pwin3: (29 37 5) hold:  (29, 37, 5) 0
roll:  (29, 37, 5) 0
0
0
0
Pwin3: (29 37 3) hold:  (29, 37, 3) 0
roll:  (29, 37, 3) 0
0
0
0
1
roll:  (35, 29, 2) Pwin3: (35 29 4) hold:  (35, 29, 4) Pwin3: (29 39 0) roll:  (29, 39, 0) Pwin3: (39 30 0) roll:  (39, 30, 0) Pwin3: (30 40 0) 0
Pwin3: (39 30 2) 1
Pwin3: (39 30 3) 1
Pwin3: (39 30 4) 1
Pwin3: (39 30 5) 1
Pwin3: (39 30 6) 1
1
1
Pwin3: (29 39 2) hold:  (29, 39, 2) 0
roll:  (29, 39, 2) Pwin3: (29 39 4) hold:  (29, 39, 4) 0
roll:  (29, 39, 4) Pwin3: (29 39 6) hold:  (29, 39, 6) 0
roll:  (29, 39, 6) Pwin3: (29 39 8) hold:  (29, 39, 8) 0
roll:  (29, 39, 8) Pwin3: (29 39 10) hold:  (29, 39, 10) 0
roll:  (29, 39, 10) Pwin3: (29 39 12) 1
Pwin3: (29 39 13) 1
Pwin3: (29 39 14) 1
Pwin3: (29 39 15) 1
Pwin3: (29 39 16) 1
0
0
Pwin3: (29 39 11) 1
0
0
Pwin3: (29 39 9) hold:  (29, 39, 9) 0
roll:  (29, 39, 9) 0
0
0
0
Pwin3: (29 39 7) hold:  (29, 39, 7) 0
roll:  (29, 39, 7) 0
0
0
0
Pwin3: (29 39 5) hold:  (29, 39, 5) 0
roll:  (29, 39, 5) 0
0
0
0
Pwin3: (29 39 3) hold:  (29, 39, 3) 0
roll:  (29, 39, 3) 0
0
0
0
1
roll:  (35, 29, 4) Pwin3: (35 29 6) 1
Pwin3: (35 29 7) 1
Pwin3: (35 29 8) 1
Pwin3: (35 29 9) 1
Pwin3: (35 29 10) 1
1
1
Pwin3: (35 29 5) 1
1
1
Pwin3: (35 29 3) hold:  (35, 29, 3) Pwin3: (29 38 0) roll:  (29, 38, 0) Pwin3: (38 30 0) roll:  (38, 30, 0) Pwin3: (38 30 2) 1
Pwin3: (38 30 3) 1
Pwin3: (38 30 4) 1
Pwin3: (38 30 5) 1
Pwin3: (38 30 6) 1
1
1
Pwin3: (29 38 2) hold:  (29, 38, 2) 0
roll:  (29, 38, 2) Pwin3: (29 38 4) hold:  (29, 38, 4) 0
roll:  (29, 38, 4) Pwin3: (29 38 6) hold:  (29, 38, 6) 0
roll:  (29, 38, 6) Pwin3: (29 38 8) hold:  (29, 38, 8) 0
roll:  (29, 38, 8) Pwin3: (29 38 10) hold:  (29, 38, 10) 1
roll:  (29, 38, 10) Pwin3: (29 38 12) 1
Pwin3: (29 38 13) 1
Pwin3: (29 38 14) 1
Pwin3: (29 38 15) 1
Pwin3: (29 38 16) 1
0
1
Pwin3: (29 38 11) 1
0
0
Pwin3: (29 38 9) hold:  (29, 38, 9) 0
roll:  (29, 38, 9) 0
0
0
0
Pwin3: (29 38 7) hold:  (29, 38, 7) 0
roll:  (29, 38, 7) 0
0
0
0
Pwin3: (29 38 5) hold:  (29, 38, 5) 0
roll:  (29, 38, 5) 0
0
0
0
Pwin3: (29 38 3) hold:  (29, 38, 3) 0
roll:  (29, 38, 3) 0
0
0
0
1
roll:  (35, 29, 3) 1
1
1
1
Pwin3: (28 35 2) hold:  (28, 35, 2) Pwin3: (35 30 0) roll:  (35, 30, 0) Pwin3: (30 36 0) roll:  (30, 36, 0) Pwin3: (30 36 2) hold:  (30, 36, 2) 0
roll:  (30, 36, 2) Pwin3: (30 36 4) hold:  (30, 36, 4) 0
roll:  (30, 36, 4) Pwin3: (30 36 6) hold:  (30, 36, 6) 0
roll:  (30, 36, 6) Pwin3: (30 36 8) hold:  (30, 36, 8) 1
roll:  (30, 36, 8) Pwin3: (30 36 10) 1
Pwin3: (30 36 11) 1
Pwin3: (30 36 12) 1
Pwin3: (30 36 13) 1
Pwin3: (30 36 14) 1
0
1
Pwin3: (30 36 9) hold:  (30, 36, 9) 1
roll:  (30, 36, 9) Pwin3: (30 36 15) 1
0
1
0
0
Pwin3: (30 36 7) hold:  (30, 36, 7) 1
roll:  (30, 36, 7) 0
1
0
0
Pwin3: (30 36 5) hold:  (30, 36, 5) 0
roll:  (30, 36, 5) 0
0
0
0
Pwin3: (30 36 3) hold:  (30, 36, 3) 0
roll:  (30, 36, 3) 0
0
0
0
Pwin3: (35 30 2) hold:  (35, 30, 2) 1
roll:  (35, 30, 2) Pwin3: (35 30 4) hold:  (35, 30, 4) 1
roll:  (35, 30, 4) Pwin3: (35 30 6) 1
Pwin3: (35 30 7) 1
Pwin3: (35 30 8) 1
Pwin3: (35 30 9) 1
Pwin3: (35 30 10) 1
1
1
Pwin3: (35 30 5) 1
1
1
Pwin3: (35 30 3) hold:  (35, 30, 3) 1
roll:  (35, 30, 3) 1
1
1
1
0
roll:  (28, 35, 2) Pwin3: (28 35 4) hold:  (28, 35, 4) Pwin3: (35 32 0) roll:  (35, 32, 0) Pwin3: (32 36 0) roll:  (32, 36, 0) Pwin3: (32 36 2) hold:  (32, 36, 2) 0
roll:  (32, 36, 2) Pwin3: (32 36 4) hold:  (32, 36, 4) 0
roll:  (32, 36, 4) Pwin3: (32 36 6) hold:  (32, 36, 6) 1
roll:  (32, 36, 6) Pwin3: (32 36 8) 1
Pwin3: (32 36 9) 1
Pwin3: (32 36 10) 1
Pwin3: (32 36 11) 1
Pwin3: (32 36 12) 1
0
1
Pwin3: (32 36 7) hold:  (32, 36, 7) 1
roll:  (32, 36, 7) Pwin3: (32 36 13) 1
0
1
0
0
Pwin3: (32 36 5) hold:  (32, 36, 5) 1
roll:  (32, 36, 5) 0
1
0
0
Pwin3: (32 36 3) hold:  (32, 36, 3) 0
roll:  (32, 36, 3) 0
0
0
0
Pwin3: (35 32 2) hold:  (35, 32, 2) 1
roll:  (35, 32, 2) Pwin3: (35 32 4) hold:  (35, 32, 4) 1
roll:  (35, 32, 4) Pwin3: (35 32 6) 1
Pwin3: (35 32 7) 1
Pwin3: (35 32 8) 1
Pwin3: (35 32 9) 1
Pwin3: (35 32 10) 1
1
1
Pwin3: (35 32 5) 1
1
1
Pwin3: (35 32 3) hold:  (35, 32, 3) 1
roll:  (35, 32, 3) 1
1
1
1
0
roll:  (28, 35, 4) Pwin3: (28 35 6) hold:  (28, 35, 6) 0
roll:  (28, 35, 6) Pwin3: (28 35 8) hold:  (28, 35, 8) 1
roll:  (28, 35, 8) Pwin3: (28 35 10) hold:  (28, 35, 10) 1
roll:  (28, 35, 10) Pwin3: (28 35 12) 1
Pwin3: (28 35 13) 1
Pwin3: (28 35 14) 1
Pwin3: (28 35 15) 1
Pwin3: (28 35 16) 1
0
1
Pwin3: (28 35 11) hold:  (28, 35, 11) 1
roll:  (28, 35, 11) Pwin3: (28 35 17) 1
0
1
0
1
Pwin3: (28 35 9) hold:  (28, 35, 9) 1
roll:  (28, 35, 9) 0
1
0
0
Pwin3: (28 35 7) hold:  (28, 35, 7) 0
roll:  (28, 35, 7) 0
0
0
0
Pwin3: (28 35 5) hold:  (28, 35, 5) Pwin3: (35 33 0) roll:  (35, 33, 0) Pwin3: (35 33 2) hold:  (35, 33, 2) 1
roll:  (35, 33, 2) Pwin3: (35 33 4) hold:  (35, 33, 4) 1
roll:  (35, 33, 4) Pwin3: (35 33 6) 1
Pwin3: (35 33 7) 1
Pwin3: (35 33 8) 1
Pwin3: (35 33 9) 1
Pwin3: (35 33 10) 1
1
1
Pwin3: (35 33 5) 1
1
1
Pwin3: (35 33 3) hold:  (35, 33, 3) 1
roll:  (35, 33, 3) 1
1
1
1
0
roll:  (28, 35, 5) 0
0
0
0
Pwin3: (28 35 3) hold:  (28, 35, 3) Pwin3: (35 31 0) roll:  (35, 31, 0) Pwin3: (31 36 0) roll:  (31, 36, 0) Pwin3: (31 36 2) hold:  (31, 36, 2) 0
roll:  (31, 36, 2) Pwin3: (31 36 4) hold:  (31, 36, 4) 0
roll:  (31, 36, 4) Pwin3: (31 36 6) hold:  (31, 36, 6) 1
roll:  (31, 36, 6) Pwin3: (31 36 8) hold:  (31, 36, 8) 1
roll:  (31, 36, 8) Pwin3: (31 36 10) 1
Pwin3: (31 36 11) 1
Pwin3: (31 36 12) 1
Pwin3: (31 36 13) 1
Pwin3: (31 36 14) 1
0
1
Pwin3: (31 36 9) 1
0
1
Pwin3: (31 36 7) hold:  (31, 36, 7) 1
roll:  (31, 36, 7) 0
1
0
0
Pwin3: (31 36 5) hold:  (31, 36, 5) 0
roll:  (31, 36, 5) 0
0
0
0
Pwin3: (31 36 3) hold:  (31, 36, 3) 0
roll:  (31, 36, 3) 0
0
0
0
Pwin3: (35 31 2) hold:  (35, 31, 2) 1
roll:  (35, 31, 2) Pwin3: (35 31 4) hold:  (35, 31, 4) 1
roll:  (35, 31, 4) Pwin3: (35 31 6) 1
Pwin3: (35 31 7) 1
Pwin3: (35 31 8) 1
Pwin3: (35 31 9) 1
Pwin3: (35 31 10) 1
1
1
Pwin3: (35 31 5) 1
1
1
Pwin3: (35 31 3) hold:  (35, 31, 3) 1
roll:  (35, 31, 3) 1
1
1
1
0
roll:  (28, 35, 3) 0
0
0
0
Pwin3: (34 28 2) hold:  (34, 28, 2) Pwin3: (28 36 0) roll:  (28, 36, 0) Pwin3: (36 29 0) roll:  (36, 29, 0) Pwin3: (36 29 2) hold:  (36, 29, 2) 1
roll:  (36, 29, 2) Pwin3: (36 29 4) 1
Pwin3: (36 29 5) 1
Pwin3: (36 29 6) 1
Pwin3: (36 29 7) 1
Pwin3: (36 29 8) 1
1
1
Pwin3: (36 29 3) hold:  (36, 29, 3) 1
roll:  (36, 29, 3) Pwin3: (36 29 9) 1
1
1
1
1
Pwin3: (28 36 2) hold:  (28, 36, 2) 0
roll:  (28, 36, 2) Pwin3: (28 36 4) hold:  (28, 36, 4) 0
roll:  (28, 36, 4) Pwin3: (28 36 6) hold:  (28, 36, 6) 0
roll:  (28, 36, 6) Pwin3: (28 36 8) hold:  (28, 36, 8) 0
roll:  (28, 36, 8) Pwin3: (28 36 10) hold:  (28, 36, 10) 1
roll:  (28, 36, 10) Pwin3: (28 36 12) 1
Pwin3: (28 36 13) 1
Pwin3: (28 36 14) 1
Pwin3: (28 36 15) 1
Pwin3: (28 36 16) 1
0
1
Pwin3: (28 36 11) hold:  (28, 36, 11) 1
roll:  (28, 36, 11) Pwin3: (28 36 17) 1
0
1
0
0
Pwin3: (28 36 9) hold:  (28, 36, 9) 1
roll:  (28, 36, 9) 0
1
0
0
Pwin3: (28 36 7) hold:  (28, 36, 7) 0
roll:  (28, 36, 7) 0
0
0
0
Pwin3: (28 36 5) hold:  (28, 36, 5) 0
roll:  (28, 36, 5) 0
0
0
0
Pwin3: (28 36 3) hold:  (28, 36, 3) 0
roll:  (28, 36, 3) 0
0
0
0
1
roll:  (34, 28, 2) Pwin3: (34 28 4) hold:  (34, 28, 4) Pwin3: (28 38 0) roll:  (28, 38, 0) Pwin3: (38 29 0) roll:  (38, 29, 0) Pwin3: (38 29 2) 1
Pwin3: (38 29 3) 1
Pwin3: (38 29 4) 1
Pwin3: (38 29 5) 1
Pwin3: (38 29 6) 1
1
1
Pwin3: (28 38 2) hold:  (28, 38, 2) 0
roll:  (28, 38, 2) Pwin3: (28 38 4) hold:  (28, 38, 4) 0
roll:  (28, 38, 4) Pwin3: (28 38 6) hold:  (28, 38, 6) 0
roll:  (28, 38, 6) Pwin3: (28 38 8) hold:  (28, 38, 8) 0
roll:  (28, 38, 8) Pwin3: (28 38 10) hold:  (28, 38, 10) 0
roll:  (28, 38, 10) Pwin3: (28 38 12) 1
Pwin3: (28 38 13) 1
Pwin3: (28 38 14) 1
Pwin3: (28 38 15) 1
Pwin3: (28 38 16) 1
0
0
Pwin3: (28 38 11) hold:  (28, 38, 11) 1
roll:  (28, 38, 11) Pwin3: (28 38 17) 1
0
1
0
0
Pwin3: (28 38 9) hold:  (28, 38, 9) 0
roll:  (28, 38, 9) 0
0
0
0
Pwin3: (28 38 7) hold:  (28, 38, 7) 0
roll:  (28, 38, 7) 0
0
0
0
Pwin3: (28 38 5) hold:  (28, 38, 5) 0
roll:  (28, 38, 5) 0
0
0
0
Pwin3: (28 38 3) hold:  (28, 38, 3) 0
roll:  (28, 38, 3) 0
0
0
0
1
roll:  (34, 28, 4) Pwin3: (34 28 6) 1
Pwin3: (34 28 7) 1
Pwin3: (34 28 8) 1
Pwin3: (34 28 9) 1
Pwin3: (34 28 10) 1
1
1
Pwin3: (34 28 5) hold:  (34, 28, 5) Pwin3: (28 39 0) roll:  (28, 39, 0) Pwin3: (39 29 0) roll:  (39, 29, 0) Pwin3: (29 40 0) 0
Pwin3: (39 29 2) 1
Pwin3: (39 29 3) 1
Pwin3: (39 29 4) 1
Pwin3: (39 29 5) 1
Pwin3: (39 29 6) 1
1
1
Pwin3: (28 39 2) hold:  (28, 39, 2) 0
roll:  (28, 39, 2) Pwin3: (28 39 4) hold:  (28, 39, 4) 0
roll:  (28, 39, 4) Pwin3: (28 39 6) hold:  (28, 39, 6) 0
roll:  (28, 39, 6) Pwin3: (28 39 8) hold:  (28, 39, 8) 0
roll:  (28, 39, 8) Pwin3: (28 39 10) hold:  (28, 39, 10) 0
roll:  (28, 39, 10) Pwin3: (28 39 12) 1
Pwin3: (28 39 13) 1
Pwin3: (28 39 14) 1
Pwin3: (28 39 15) 1
Pwin3: (28 39 16) 1
0
0
Pwin3: (28 39 11) hold:  (28, 39, 11) 0
roll:  (28, 39, 11) Pwin3: (28 39 17) 1
0
0
0
0
Pwin3: (28 39 9) hold:  (28, 39, 9) 0
roll:  (28, 39, 9) 0
0
0
0
Pwin3: (28 39 7) hold:  (28, 39, 7) 0
roll:  (28, 39, 7) 0
0
0
0
Pwin3: (28 39 5) hold:  (28, 39, 5) 0
roll:  (28, 39, 5) 0
0
0
0
Pwin3: (28 39 3) hold:  (28, 39, 3) 0
roll:  (28, 39, 3) 0
0
0
0
1
roll:  (34, 28, 5) Pwin3: (34 28 11) 1
1
1
1
1
Pwin3: (34 28 3) hold:  (34, 28, 3) Pwin3: (28 37 0) roll:  (28, 37, 0) Pwin3: (37 29 0) roll:  (37, 29, 0) Pwin3: (37 29 2) hold:  (37, 29, 2) 1
roll:  (37, 29, 2) Pwin3: (37 29 4) 1
Pwin3: (37 29 5) 1
Pwin3: (37 29 6) 1
Pwin3: (37 29 7) 1
Pwin3: (37 29 8) 1
1
1
Pwin3: (37 29 3) 1
1
1
Pwin3: (28 37 2) hold:  (28, 37, 2) 0
roll:  (28, 37, 2) Pwin3: (28 37 4) hold:  (28, 37, 4) 0
roll:  (28, 37, 4) Pwin3: (28 37 6) hold:  (28, 37, 6) 0
roll:  (28, 37, 6) Pwin3: (28 37 8) hold:  (28, 37, 8) 0
roll:  (28, 37, 8) Pwin3: (28 37 10) hold:  (28, 37, 10) 1
roll:  (28, 37, 10) Pwin3: (28 37 12) 1
Pwin3: (28 37 13) 1
Pwin3: (28 37 14) 1
Pwin3: (28 37 15) 1
Pwin3: (28 37 16) 1
0
1
Pwin3: (28 37 11) hold:  (28, 37, 11) 1
roll:  (28, 37, 11) Pwin3: (28 37 17) 1
0
1
0
0
Pwin3: (28 37 9) hold:  (28, 37, 9) 0
roll:  (28, 37, 9) 0
0
0
0
Pwin3: (28 37 7) hold:  (28, 37, 7) 0
roll:  (28, 37, 7) 0
0
0
0
Pwin3: (28 37 5) hold:  (28, 37, 5) 0
roll:  (28, 37, 5) 0
0
0
0
Pwin3: (28 37 3) hold:  (28, 37, 3) 0
roll:  (28, 37, 3) 0
0
0
0
1
roll:  (34, 28, 3) 1
1
1
1
Pwin3: (27 34 2) hold:  (27, 34, 2) Pwin3: (34 29 0) roll:  (34, 29, 0) Pwin3: (29 35 0) roll:  (29, 35, 0) Pwin3: (29 35 2) hold:  (29, 35, 2) 0
roll:  (29, 35, 2) Pwin3: (29 35 4) hold:  (29, 35, 4) 0
roll:  (29, 35, 4) Pwin3: (29 35 6) hold:  (29, 35, 6) 0
roll:  (29, 35, 6) Pwin3: (29 35 8) hold:  (29, 35, 8) 1
roll:  (29, 35, 8) Pwin3: (29 35 10) hold:  (29, 35, 10) 1
roll:  (29, 35, 10) Pwin3: (29 35 12) 1
Pwin3: (29 35 13) 1
Pwin3: (29 35 14) 1
Pwin3: (29 35 15) 1
Pwin3: (29 35 16) 1
0
1
Pwin3: (29 35 11) 1
0
1
Pwin3: (29 35 9) hold:  (29, 35, 9) 1
roll:  (29, 35, 9) 0
1
0
0
Pwin3: (29 35 7) hold:  (29, 35, 7) 1
roll:  (29, 35, 7) 0
1
0
0
Pwin3: (29 35 5) hold:  (29, 35, 5) 0
roll:  (29, 35, 5) 0
0
0
0
Pwin3: (29 35 3) hold:  (29, 35, 3) 0
roll:  (29, 35, 3) 0
0
0
0
Pwin3: (34 29 2) hold:  (34, 29, 2) 1
roll:  (34, 29, 2) Pwin3: (34 29 4) hold:  (34, 29, 4) 1
roll:  (34, 29, 4) Pwin3: (34 29 6) 1
Pwin3: (34 29 7) 1
Pwin3: (34 29 8) 1
Pwin3: (34 29 9) 1
Pwin3: (34 29 10) 1
1
1
Pwin3: (34 29 5) hold:  (34, 29, 5) 1
roll:  (34, 29, 5) Pwin3: (34 29 11) 1
1
1
1
1
Pwin3: (34 29 3) hold:  (34, 29, 3) 1
roll:  (34, 29, 3) 1
1
1
1
0
roll:  (27, 34, 2) Pwin3: (27 34 4) hold:  (27, 34, 4) Pwin3: (34 31 0) roll:  (34, 31, 0) Pwin3: (31 35 0) roll:  (31, 35, 0) Pwin3: (31 35 2) hold:  (31, 35, 2) 0
roll:  (31, 35, 2) Pwin3: (31 35 4) hold:  (31, 35, 4) 0
roll:  (31, 35, 4) Pwin3: (31 35 6) hold:  (31, 35, 6) 1
roll:  (31, 35, 6) Pwin3: (31 35 8) hold:  (31, 35, 8) 1
roll:  (31, 35, 8) Pwin3: (31 35 10) 1
Pwin3: (31 35 11) 1
Pwin3: (31 35 12) 1
Pwin3: (31 35 13) 1
Pwin3: (31 35 14) 1
0
1
Pwin3: (31 35 9) 1
0
1
Pwin3: (31 35 7) hold:  (31, 35, 7) 1
roll:  (31, 35, 7) 0
1
0
0
Pwin3: (31 35 5) hold:  (31, 35, 5) 1
roll:  (31, 35, 5) 0
1
0
0
Pwin3: (31 35 3) hold:  (31, 35, 3) 0
roll:  (31, 35, 3) 0
0
0
0
Pwin3: (34 31 2) hold:  (34, 31, 2) 1
roll:  (34, 31, 2) Pwin3: (34 31 4) hold:  (34, 31, 4) 1
roll:  (34, 31, 4) Pwin3: (34 31 6) 1
Pwin3: (34 31 7) 1
Pwin3: (34 31 8) 1
Pwin3: (34 31 9) 1
Pwin3: (34 31 10) 1
1
1
Pwin3: (34 31 5) hold:  (34, 31, 5) 1
roll:  (34, 31, 5) Pwin3: (34 31 11) 1
1
1
1
1
Pwin3: (34 31 3) hold:  (34, 31, 3) 1
roll:  (34, 31, 3) 1
1
1
1
0
roll:  (27, 34, 4) Pwin3: (27 34 6) hold:  (27, 34, 6) Pwin3: (34 33 0) roll:  (34, 33, 0) Pwin3: (34 33 2) hold:  (34, 33, 2) 1
roll:  (34, 33, 2) Pwin3: (34 33 4) hold:  (34, 33, 4) 1
roll:  (34, 33, 4) Pwin3: (34 33 6) 1
Pwin3: (34 33 7) 1
Pwin3: (34 33 8) 1
Pwin3: (34 33 9) 1
Pwin3: (34 33 10) 1
1
1
Pwin3: (34 33 5) hold:  (34, 33, 5) 1
roll:  (34, 33, 5) Pwin3: (34 33 11) 1
1
1
1
1
Pwin3: (34 33 3) hold:  (34, 33, 3) 1
roll:  (34, 33, 3) 1
1
1
1
0
roll:  (27, 34, 6) Pwin3: (27 34 8) hold:  (27, 34, 8) 1
roll:  (27, 34, 8) Pwin3: (27 34 10) hold:  (27, 34, 10) 1
roll:  (27, 34, 10) Pwin3: (27 34 12) hold:  (27, 34, 12) 1
roll:  (27, 34, 12) Pwin3: (27 34 14) 1
Pwin3: (27 34 15) 1
Pwin3: (27 34 16) 1
Pwin3: (27 34 17) 1
Pwin3: (27 34 18) 1
0
1
Pwin3: (27 34 13) 1
0
1
Pwin3: (27 34 11) hold:  (27, 34, 11) 1
roll:  (27, 34, 11) 0
1
0
1
Pwin3: (27 34 9) hold:  (27, 34, 9) 1
roll:  (27, 34, 9) 0
1
0
0
Pwin3: (27 34 7) hold:  (27, 34, 7) 0
roll:  (27, 34, 7) 0
0
0
0
Pwin3: (27 34 5) hold:  (27, 34, 5) Pwin3: (34 32 0) roll:  (34, 32, 0) Pwin3: (32 35 0) roll:  (32, 35, 0) Pwin3: (32 35 2) hold:  (32, 35, 2) 0
roll:  (32, 35, 2) Pwin3: (32 35 4) hold:  (32, 35, 4) 1
roll:  (32, 35, 4) Pwin3: (32 35 6) hold:  (32, 35, 6) 1
roll:  (32, 35, 6) Pwin3: (32 35 8) 1
Pwin3: (32 35 9) 1
Pwin3: (32 35 10) 1
Pwin3: (32 35 11) 1
Pwin3: (32 35 12) 1
0
1
Pwin3: (32 35 7) hold:  (32, 35, 7) 1
roll:  (32, 35, 7) Pwin3: (32 35 13) 1
0
1
0
1
Pwin3: (32 35 5) hold:  (32, 35, 5) 1
roll:  (32, 35, 5) 0
1
0
0
Pwin3: (32 35 3) hold:  (32, 35, 3) 0
roll:  (32, 35, 3) 0
0
0
0
Pwin3: (34 32 2) hold:  (34, 32, 2) 1
roll:  (34, 32, 2) Pwin3: (34 32 4) hold:  (34, 32, 4) 1
roll:  (34, 32, 4) Pwin3: (34 32 6) 1
Pwin3: (34 32 7) 1
Pwin3: (34 32 8) 1
Pwin3: (34 32 9) 1
Pwin3: (34 32 10) 1
1
1
Pwin3: (34 32 5) hold:  (34, 32, 5) 1
roll:  (34, 32, 5) Pwin3: (34 32 11) 1
1
1
1
1
Pwin3: (34 32 3) hold:  (34, 32, 3) 1
roll:  (34, 32, 3) 1
1
1
1
0
roll:  (27, 34, 5) 0
0
0
0
Pwin3: (27 34 3) hold:  (27, 34, 3) Pwin3: (34 30 0) roll:  (34, 30, 0) Pwin3: (30 35 0) roll:  (30, 35, 0) Pwin3: (30 35 2) hold:  (30, 35, 2) 0
roll:  (30, 35, 2) Pwin3: (30 35 4) hold:  (30, 35, 4) 0
roll:  (30, 35, 4) Pwin3: (30 35 6) hold:  (30, 35, 6) 1
roll:  (30, 35, 6) Pwin3: (30 35 8) hold:  (30, 35, 8) 1
roll:  (30, 35, 8) Pwin3: (30 35 10) 1
Pwin3: (30 35 11) 1
Pwin3: (30 35 12) 1
Pwin3: (30 35 13) 1
Pwin3: (30 35 14) 1
0
1
Pwin3: (30 35 9) hold:  (30, 35, 9) 1
roll:  (30, 35, 9) Pwin3: (30 35 15) 1
0
1
0
1
Pwin3: (30 35 7) hold:  (30, 35, 7) 1
roll:  (30, 35, 7) 0
1
0
0
Pwin3: (30 35 5) hold:  (30, 35, 5) 0
roll:  (30, 35, 5) 0
0
0
0
Pwin3: (30 35 3) hold:  (30, 35, 3) 0
roll:  (30, 35, 3) 0
0
0
0
Pwin3: (34 30 2) hold:  (34, 30, 2) 1
roll:  (34, 30, 2) Pwin3: (34 30 4) hold:  (34, 30, 4) 1
roll:  (34, 30, 4) Pwin3: (34 30 6) 1
Pwin3: (34 30 7) 1
Pwin3: (34 30 8) 1
Pwin3: (34 30 9) 1
Pwin3: (34 30 10) 1
1
1
Pwin3: (34 30 5) hold:  (34, 30, 5) 1
roll:  (34, 30, 5) Pwin3: (34 30 11) 1
1
1
1
1
Pwin3: (34 30 3) hold:  (34, 30, 3) 1
roll:  (34, 30, 3) 1
1
1
1
0
roll:  (27, 34, 3) 0
0
0
0
Pwin3: (33 27 2) hold:  (33, 27, 2) Pwin3: (27 35 0) roll:  (27, 35, 0) Pwin3: (35 28 0) roll:  (35, 28, 0) Pwin3: (35 28 2) hold:  (35, 28, 2) 1
roll:  (35, 28, 2) Pwin3: (35 28 4) hold:  (35, 28, 4) 1
roll:  (35, 28, 4) Pwin3: (35 28 6) 1
Pwin3: (35 28 7) 1
Pwin3: (35 28 8) 1
Pwin3: (35 28 9) 1
Pwin3: (35 28 10) 1
1
1
Pwin3: (35 28 5) 1
1
1
Pwin3: (35 28 3) hold:  (35, 28, 3) 1
roll:  (35, 28, 3) 1
1
1
1
Pwin3: (27 35 2) hold:  (27, 35, 2) 0
roll:  (27, 35, 2) Pwin3: (27 35 4) hold:  (27, 35, 4) 0
roll:  (27, 35, 4) Pwin3: (27 35 6) hold:  (27, 35, 6) 0
roll:  (27, 35, 6) Pwin3: (27 35 8) hold:  (27, 35, 8) 0
roll:  (27, 35, 8) Pwin3: (27 35 10) hold:  (27, 35, 10) 1
roll:  (27, 35, 10) Pwin3: (27 35 12) hold:  (27, 35, 12) 1
roll:  (27, 35, 12) Pwin3: (27 35 14) 1
Pwin3: (27 35 15) 1
Pwin3: (27 35 16) 1
Pwin3: (27 35 17) 1
Pwin3: (27 35 18) 1
0
1
Pwin3: (27 35 13) 1
0
1
Pwin3: (27 35 11) hold:  (27, 35, 11) 1
roll:  (27, 35, 11) 0
1
0
0
Pwin3: (27 35 9) hold:  (27, 35, 9) 1
roll:  (27, 35, 9) 0
1
0
0
Pwin3: (27 35 7) hold:  (27, 35, 7) 0
roll:  (27, 35, 7) 0
0
0
0
Pwin3: (27 35 5) hold:  (27, 35, 5) 0
roll:  (27, 35, 5) 0
0
0
0
Pwin3: (27 35 3) hold:  (27, 35, 3) 0
roll:  (27, 35, 3) 0
0
0
0
1
roll:  (33, 27, 2) Pwin3: (33 27 4) hold:  (33, 27, 4) Pwin3: (27 37 0) roll:  (27, 37, 0) Pwin3: (37 28 0) roll:  (37, 28, 0) Pwin3: (37 28 2) hold:  (37, 28, 2) 1
roll:  (37, 28, 2) Pwin3: (37 28 4) 1
Pwin3: (37 28 5) 1
Pwin3: (37 28 6) 1
Pwin3: (37 28 7) 1
Pwin3: (37 28 8) 1
1
1
Pwin3: (37 28 3) 1
1
1
Pwin3: (27 37 2) hold:  (27, 37, 2) 0
roll:  (27, 37, 2) Pwin3: (27 37 4) hold:  (27, 37, 4) 0
roll:  (27, 37, 4) Pwin3: (27 37 6) hold:  (27, 37, 6) 0
roll:  (27, 37, 6) Pwin3: (27 37 8) hold:  (27, 37, 8) 0
roll:  (27, 37, 8) Pwin3: (27 37 10) hold:  (27, 37, 10) 0
roll:  (27, 37, 10) Pwin3: (27 37 12) hold:  (27, 37, 12) 1
roll:  (27, 37, 12) Pwin3: (27 37 14) 1
Pwin3: (27 37 15) 1
Pwin3: (27 37 16) 1
Pwin3: (27 37 17) 1
Pwin3: (27 37 18) 1
0
1
Pwin3: (27 37 13) 1
0
0
Pwin3: (27 37 11) hold:  (27, 37, 11) 1
roll:  (27, 37, 11) 0
1
0
0
Pwin3: (27 37 9) hold:  (27, 37, 9) 0
roll:  (27, 37, 9) 0
0
0
0
Pwin3: (27 37 7) hold:  (27, 37, 7) 0
roll:  (27, 37, 7) 0
0
0
0
Pwin3: (27 37 5) hold:  (27, 37, 5) 0
roll:  (27, 37, 5) 0
0
0
0
Pwin3: (27 37 3) hold:  (27, 37, 3) 0
roll:  (27, 37, 3) 0
0
0
0
1
roll:  (33, 27, 4) Pwin3: (33 27 6) hold:  (33, 27, 6) Pwin3: (27 39 0) roll:  (27, 39, 0) Pwin3: (39 28 0) roll:  (39, 28, 0) Pwin3: (28 40 0) 0
Pwin3: (39 28 2) 1
Pwin3: (39 28 3) 1
Pwin3: (39 28 4) 1
Pwin3: (39 28 5) 1
Pwin3: (39 28 6) 1
1
1
Pwin3: (27 39 2) hold:  (27, 39, 2) 0
roll:  (27, 39, 2) Pwin3: (27 39 4) hold:  (27, 39, 4) 0
roll:  (27, 39, 4) Pwin3: (27 39 6) hold:  (27, 39, 6) 0
roll:  (27, 39, 6) Pwin3: (27 39 8) hold:  (27, 39, 8) 0
roll:  (27, 39, 8) Pwin3: (27 39 10) hold:  (27, 39, 10) 0
roll:  (27, 39, 10) Pwin3: (27 39 12) hold:  (27, 39, 12) 0
roll:  (27, 39, 12) Pwin3: (27 39 14) 1
Pwin3: (27 39 15) 1
Pwin3: (27 39 16) 1
Pwin3: (27 39 17) 1
Pwin3: (27 39 18) 1
0
0
Pwin3: (27 39 13) 1
0
0
Pwin3: (27 39 11) hold:  (27, 39, 11) 0
roll:  (27, 39, 11) 0
0
0
0
Pwin3: (27 39 9) hold:  (27, 39, 9) 0
roll:  (27, 39, 9) 0
0
0
0
Pwin3: (27 39 7) hold:  (27, 39, 7) 0
roll:  (27, 39, 7) 0
0
0
0
Pwin3: (27 39 5) hold:  (27, 39, 5) 0
roll:  (27, 39, 5) 0
0
0
0
Pwin3: (27 39 3) hold:  (27, 39, 3) 0
roll:  (27, 39, 3) 0
0
0
0
1
roll:  (33, 27, 6) Pwin3: (33 27 8) 1
Pwin3: (33 27 9) 1
Pwin3: (33 27 10) 1
Pwin3: (33 27 11) 1
Pwin3: (33 27 12) 1
1
1
Pwin3: (33 27 7) 1
1
1
Pwin3: (33 27 5) hold:  (33, 27, 5) Pwin3: (27 38 0) roll:  (27, 38, 0) Pwin3: (38 28 0) roll:  (38, 28, 0) Pwin3: (38 28 2) 1
Pwin3: (38 28 3) 1
Pwin3: (38 28 4) 1
Pwin3: (38 28 5) 1
Pwin3: (38 28 6) 1
1
1
Pwin3: (27 38 2) hold:  (27, 38, 2) 0
roll:  (27, 38, 2) Pwin3: (27 38 4) hold:  (27, 38, 4) 0
roll:  (27, 38, 4) Pwin3: (27 38 6) hold:  (27, 38, 6) 0
roll:  (27, 38, 6) Pwin3: (27 38 8) hold:  (27, 38, 8) 0
roll:  (27, 38, 8) Pwin3: (27 38 10) hold:  (27, 38, 10) 0
roll:  (27, 38, 10) Pwin3: (27 38 12) hold:  (27, 38, 12) 1
roll:  (27, 38, 12) Pwin3: (27 38 14) 1
Pwin3: (27 38 15) 1
Pwin3: (27 38 16) 1
Pwin3: (27 38 17) 1
Pwin3: (27 38 18) 1
0
1
Pwin3: (27 38 13) 1
0
0
Pwin3: (27 38 11) hold:  (27, 38, 11) 0
roll:  (27, 38, 11) 0
0
0
0
Pwin3: (27 38 9) hold:  (27, 38, 9) 0
roll:  (27, 38, 9) 0
0
0
0
Pwin3: (27 38 7) hold:  (27, 38, 7) 0
roll:  (27, 38, 7) 0
0
0
0
Pwin3: (27 38 5) hold:  (27, 38, 5) 0
roll:  (27, 38, 5) 0
0
0
0
Pwin3: (27 38 3) hold:  (27, 38, 3) 0
roll:  (27, 38, 3) 0
0
0
0
1
roll:  (33, 27, 5) 1
1
1
1
Pwin3: (33 27 3) hold:  (33, 27, 3) Pwin3: (27 36 0) roll:  (27, 36, 0) Pwin3: (36 28 0) roll:  (36, 28, 0) Pwin3: (36 28 2) hold:  (36, 28, 2) 1
roll:  (36, 28, 2) Pwin3: (36 28 4) 1
Pwin3: (36 28 5) 1
Pwin3: (36 28 6) 1
Pwin3: (36 28 7) 1
Pwin3: (36 28 8) 1
1
1
Pwin3: (36 28 3) hold:  (36, 28, 3) 1
roll:  (36, 28, 3) Pwin3: (36 28 9) 1
1
1
1
1
Pwin3: (27 36 2) hold:  (27, 36, 2) 0
roll:  (27, 36, 2) Pwin3: (27 36 4) hold:  (27, 36, 4) 0
roll:  (27, 36, 4) Pwin3: (27 36 6) hold:  (27, 36, 6) 0
roll:  (27, 36, 6) Pwin3: (27 36 8) hold:  (27, 36, 8) 0
roll:  (27, 36, 8) Pwin3: (27 36 10) hold:  (27, 36, 10) 1
roll:  (27, 36, 10) Pwin3: (27 36 12) hold:  (27, 36, 12) 1
roll:  (27, 36, 12) Pwin3: (27 36 14) 1
Pwin3: (27 36 15) 1
Pwin3: (27 36 16) 1
Pwin3: (27 36 17) 1
Pwin3: (27 36 18) 1
0
1
Pwin3: (27 36 13) 1
0
1
Pwin3: (27 36 11) hold:  (27, 36, 11) 1
roll:  (27, 36, 11) 0
1
0
0
Pwin3: (27 36 9) hold:  (27, 36, 9) 0
roll:  (27, 36, 9) 0
0
0
0
Pwin3: (27 36 7) hold:  (27, 36, 7) 0
roll:  (27, 36, 7) 0
0
0
0
Pwin3: (27 36 5) hold:  (27, 36, 5) 0
roll:  (27, 36, 5) 0
0
0
0
Pwin3: (27 36 3) hold:  (27, 36, 3) 0
roll:  (27, 36, 3) 0
0
0
0
1
roll:  (33, 27, 3) 1
1
1
1
Pwin3: (26 33 2) hold:  (26, 33, 2) Pwin3: (33 28 0) roll:  (33, 28, 0) Pwin3: (28 34 0) roll:  (28, 34, 0) Pwin3: (28 34 2) hold:  (28, 34, 2) 0
roll:  (28, 34, 2) Pwin3: (28 34 4) hold:  (28, 34, 4) 0
roll:  (28, 34, 4) Pwin3: (28 34 6) hold:  (28, 34, 6) 0
roll:  (28, 34, 6) Pwin3: (28 34 8) hold:  (28, 34, 8) 1
roll:  (28, 34, 8) Pwin3: (28 34 10) hold:  (28, 34, 10) 1
roll:  (28, 34, 10) Pwin3: (28 34 12) 1
Pwin3: (28 34 13) 1
Pwin3: (28 34 14) 1
Pwin3: (28 34 15) 1
Pwin3: (28 34 16) 1
0
1
Pwin3: (28 34 11) hold:  (28, 34, 11) 1
roll:  (28, 34, 11) Pwin3: (28 34 17) 1
0
1
0
1
Pwin3: (28 34 9) hold:  (28, 34, 9) 1
roll:  (28, 34, 9) 0
1
0
0
Pwin3: (28 34 7) hold:  (28, 34, 7) 1
roll:  (28, 34, 7) 0
1
0
0
Pwin3: (28 34 5) hold:  (28, 34, 5) 0
roll:  (28, 34, 5) 0
0
0
0
Pwin3: (28 34 3) hold:  (28, 34, 3) 0
roll:  (28, 34, 3) 0
0
0
0
Pwin3: (33 28 2) hold:  (33, 28, 2) 1
roll:  (33, 28, 2) Pwin3: (33 28 4) hold:  (33, 28, 4) 1
roll:  (33, 28, 4) Pwin3: (33 28 6) hold:  (33, 28, 6) 1
roll:  (33, 28, 6) Pwin3: (33 28 8) 1
Pwin3: (33 28 9) 1
Pwin3: (33 28 10) 1
Pwin3: (33 28 11) 1
Pwin3: (33 28 12) 1
1
1
Pwin3: (33 28 7) 1
1
1
Pwin3: (33 28 5) hold:  (33, 28, 5) 1
roll:  (33, 28, 5) 1
1
1
1
Pwin3: (33 28 3) hold:  (33, 28, 3) 1
roll:  (33, 28, 3) 1
1
1
1
0
roll:  (26, 33, 2) Pwin3: (26 33 4) hold:  (26, 33, 4) Pwin3: (33 30 0) roll:  (33, 30, 0) Pwin3: (30 34 0) roll:  (30, 34, 0) Pwin3: (30 34 2) hold:  (30, 34, 2) 0
roll:  (30, 34, 2) Pwin3: (30 34 4) hold:  (30, 34, 4) 0
roll:  (30, 34, 4) Pwin3: (30 34 6) hold:  (30, 34, 6) 1
roll:  (30, 34, 6) Pwin3: (30 34 8) hold:  (30, 34, 8) 1
roll:  (30, 34, 8) Pwin3: (30 34 10) 1
Pwin3: (30 34 11) 1
Pwin3: (30 34 12) 1
Pwin3: (30 34 13) 1
Pwin3: (30 34 14) 1
0
1
Pwin3: (30 34 9) hold:  (30, 34, 9) 1
roll:  (30, 34, 9) Pwin3: (30 34 15) 1
0
1
0
1
Pwin3: (30 34 7) hold:  (30, 34, 7) 1
roll:  (30, 34, 7) 0
1
0
0
Pwin3: (30 34 5) hold:  (30, 34, 5) 1
roll:  (30, 34, 5) 0
1
0
0
Pwin3: (30 34 3) hold:  (30, 34, 3) 0
roll:  (30, 34, 3) 0
0
0
0
Pwin3: (33 30 2) hold:  (33, 30, 2) 1
roll:  (33, 30, 2) Pwin3: (33 30 4) hold:  (33, 30, 4) 1
roll:  (33, 30, 4) Pwin3: (33 30 6) hold:  (33, 30, 6) 1
roll:  (33, 30, 6) Pwin3: (33 30 8) 1
Pwin3: (33 30 9) 1
Pwin3: (33 30 10) 1
Pwin3: (33 30 11) 1
Pwin3: (33 30 12) 1
1
1
Pwin3: (33 30 7) 1
1
1
Pwin3: (33 30 5) hold:  (33, 30, 5) 1
roll:  (33, 30, 5) 1
1
1
1
Pwin3: (33 30 3) hold:  (33, 30, 3) 1
roll:  (33, 30, 3) 1
1
1
1
0
roll:  (26, 33, 4) Pwin3: (26 33 6) hold:  (26, 33, 6) Pwin3: (33 32 0) roll:  (33, 32, 0) Pwin3: (32 34 0) roll:  (32, 34, 0) Pwin3: (32 34 2) hold:  (32, 34, 2) 0
roll:  (32, 34, 2) Pwin3: (32 34 4) hold:  (32, 34, 4) 1
roll:  (32, 34, 4) Pwin3: (32 34 6) hold:  (32, 34, 6) 1
roll:  (32, 34, 6) Pwin3: (32 34 8) 1
Pwin3: (32 34 9) 1
Pwin3: (32 34 10) 1
Pwin3: (32 34 11) 1
Pwin3: (32 34 12) 1
0
1
Pwin3: (32 34 7) hold:  (32, 34, 7) 1
roll:  (32, 34, 7) Pwin3: (32 34 13) 1
0
1
0
1
Pwin3: (32 34 5) hold:  (32, 34, 5) 1
roll:  (32, 34, 5) 0
1
0
0
Pwin3: (32 34 3) hold:  (32, 34, 3) 1
roll:  (32, 34, 3) 0
1
0
0
Pwin3: (33 32 2) hold:  (33, 32, 2) 1
roll:  (33, 32, 2) Pwin3: (33 32 4) hold:  (33, 32, 4) 1
roll:  (33, 32, 4) Pwin3: (33 32 6) hold:  (33, 32, 6) 1
roll:  (33, 32, 6) Pwin3: (33 32 8) 1
Pwin3: (33 32 9) 1
Pwin3: (33 32 10) 1
Pwin3: (33 32 11) 1
Pwin3: (33 32 12) 1
1
1
Pwin3: (33 32 7) 1
1
1
Pwin3: (33 32 5) hold:  (33, 32, 5) 1
roll:  (33, 32, 5) 1
1
1
1
Pwin3: (33 32 3) hold:  (33, 32, 3) 1
roll:  (33, 32, 3) 1
1
1
1
0
roll:  (26, 33, 6) Pwin3: (26 33 8) hold:  (26, 33, 8) 1
roll:  (26, 33, 8) Pwin3: (26 33 10) hold:  (26, 33, 10) 1
roll:  (26, 33, 10) Pwin3: (26 33 12) hold:  (26, 33, 12) 1
roll:  (26, 33, 12) Pwin3: (26 33 14) 1
Pwin3: (26 33 15) 1
Pwin3: (26 33 16) 1
Pwin3: (26 33 17) 1
Pwin3: (26 33 18) 1
0
1
Pwin3: (26 33 13) hold:  (26, 33, 13) 1
roll:  (26, 33, 13) Pwin3: (26 33 19) 1
0
1
0
1
Pwin3: (26 33 11) hold:  (26, 33, 11) 1
roll:  (26, 33, 11) 0
1
0
1
Pwin3: (26 33 9) hold:  (26, 33, 9) 1
roll:  (26, 33, 9) 0
1
0
0
Pwin3: (26 33 7) hold:  (26, 33, 7) 0
roll:  (26, 33, 7) 0
0
0
0
Pwin3: (26 33 5) hold:  (26, 33, 5) Pwin3: (33 31 0) roll:  (33, 31, 0) Pwin3: (31 34 0) roll:  (31, 34, 0) Pwin3: (31 34 2) hold:  (31, 34, 2) 0
roll:  (31, 34, 2) Pwin3: (31 34 4) hold:  (31, 34, 4) 1
roll:  (31, 34, 4) Pwin3: (31 34 6) hold:  (31, 34, 6) 1
roll:  (31, 34, 6) Pwin3: (31 34 8) hold:  (31, 34, 8) 1
roll:  (31, 34, 8) Pwin3: (31 34 10) 1
Pwin3: (31 34 11) 1
Pwin3: (31 34 12) 1
Pwin3: (31 34 13) 1
Pwin3: (31 34 14) 1
0
1
Pwin3: (31 34 9) 1
0
1
Pwin3: (31 34 7) hold:  (31, 34, 7) 1
roll:  (31, 34, 7) 0
1
0
1
Pwin3: (31 34 5) hold:  (31, 34, 5) 1
roll:  (31, 34, 5) 0
1
0
0
Pwin3: (31 34 3) hold:  (31, 34, 3) 0
roll:  (31, 34, 3) 0
0
0
0
Pwin3: (33 31 2) hold:  (33, 31, 2) 1
roll:  (33, 31, 2) Pwin3: (33 31 4) hold:  (33, 31, 4) 1
roll:  (33, 31, 4) Pwin3: (33 31 6) hold:  (33, 31, 6) 1
roll:  (33, 31, 6) Pwin3: (33 31 8) 1
Pwin3: (33 31 9) 1
Pwin3: (33 31 10) 1
Pwin3: (33 31 11) 1
Pwin3: (33 31 12) 1
1
1
Pwin3: (33 31 7) 1
1
1
Pwin3: (33 31 5) hold:  (33, 31, 5) 1
roll:  (33, 31, 5) 1
1
1
1
Pwin3: (33 31 3) hold:  (33, 31, 3) 1
roll:  (33, 31, 3) 1
1
1
1
0
roll:  (26, 33, 5) 0
0
0
0
Pwin3: (26 33 3) hold:  (26, 33, 3) Pwin3: (33 29 0) roll:  (33, 29, 0) Pwin3: (29 34 0) roll:  (29, 34, 0) Pwin3: (29 34 2) hold:  (29, 34, 2) 0
roll:  (29, 34, 2) Pwin3: (29 34 4) hold:  (29, 34, 4) 0
roll:  (29, 34, 4) Pwin3: (29 34 6) hold:  (29, 34, 6) 1
roll:  (29, 34, 6) Pwin3: (29 34 8) hold:  (29, 34, 8) 1
roll:  (29, 34, 8) Pwin3: (29 34 10) hold:  (29, 34, 10) 1
roll:  (29, 34, 10) Pwin3: (29 34 12) 1
Pwin3: (29 34 13) 1
Pwin3: (29 34 14) 1
Pwin3: (29 34 15) 1
Pwin3: (29 34 16) 1
0
1
Pwin3: (29 34 11) 1
0
1
Pwin3: (29 34 9) hold:  (29, 34, 9) 1
roll:  (29, 34, 9) 0
1
0
1
Pwin3: (29 34 7) hold:  (29, 34, 7) 1
roll:  (29, 34, 7) 0
1
0
0
Pwin3: (29 34 5) hold:  (29, 34, 5) 0
roll:  (29, 34, 5) 0
0
0
0
Pwin3: (29 34 3) hold:  (29, 34, 3) 0
roll:  (29, 34, 3) 0
0
0
0
Pwin3: (33 29 2) hold:  (33, 29, 2) 1
roll:  (33, 29, 2) Pwin3: (33 29 4) hold:  (33, 29, 4) 1
roll:  (33, 29, 4) Pwin3: (33 29 6) hold:  (33, 29, 6) 1
roll:  (33, 29, 6) Pwin3: (33 29 8) 1
Pwin3: (33 29 9) 1
Pwin3: (33 29 10) 1
Pwin3: (33 29 11) 1
Pwin3: (33 29 12) 1
1
1
Pwin3: (33 29 7) 1
1
1
Pwin3: (33 29 5) hold:  (33, 29, 5) 1
roll:  (33, 29, 5) 1
1
1
1
Pwin3: (33 29 3) hold:  (33, 29, 3) 1
roll:  (33, 29, 3) 1
1
1
1
0
roll:  (26, 33, 3) 0
0
0
0
Pwin3: (32 26 2) hold:  (32, 26, 2) Pwin3: (26 34 0) roll:  (26, 34, 0) Pwin3: (34 27 0) roll:  (34, 27, 0) Pwin3: (34 27 2) hold:  (34, 27, 2) 1
roll:  (34, 27, 2) Pwin3: (34 27 4) hold:  (34, 27, 4) 1
roll:  (34, 27, 4) Pwin3: (34 27 6) 1
Pwin3: (34 27 7) 1
Pwin3: (34 27 8) 1
Pwin3: (34 27 9) 1
Pwin3: (34 27 10) 1
1
1
Pwin3: (34 27 5) hold:  (34, 27, 5) 1
roll:  (34, 27, 5) Pwin3: (34 27 11) 1
1
1
1
1
Pwin3: (34 27 3) hold:  (34, 27, 3) 1
roll:  (34, 27, 3) 1
1
1
1
Pwin3: (26 34 2) hold:  (26, 34, 2) 0
roll:  (26, 34, 2) Pwin3: (26 34 4) hold:  (26, 34, 4) 0
roll:  (26, 34, 4) Pwin3: (26 34 6) hold:  (26, 34, 6) 0
roll:  (26, 34, 6) Pwin3: (26 34 8) hold:  (26, 34, 8) 0
roll:  (26, 34, 8) Pwin3: (26 34 10) hold:  (26, 34, 10) 1
roll:  (26, 34, 10) Pwin3: (26 34 12) hold:  (26, 34, 12) 1
roll:  (26, 34, 12) Pwin3: (26 34 14) 1
Pwin3: (26 34 15) 1
Pwin3: (26 34 16) 1
Pwin3: (26 34 17) 1
Pwin3: (26 34 18) 1
0
1
Pwin3: (26 34 13) hold:  (26, 34, 13) 1
roll:  (26, 34, 13) Pwin3: (26 34 19) 1
0
1
0
1
Pwin3: (26 34 11) hold:  (26, 34, 11) 1
roll:  (26, 34, 11) 0
1
0
0
Pwin3: (26 34 9) hold:  (26, 34, 9) 1
roll:  (26, 34, 9) 0
1
0
0
Pwin3: (26 34 7) hold:  (26, 34, 7) 0
roll:  (26, 34, 7) 0
0
0
0
Pwin3: (26 34 5) hold:  (26, 34, 5) 0
roll:  (26, 34, 5) 0
0
0
0
Pwin3: (26 34 3) hold:  (26, 34, 3) 0
roll:  (26, 34, 3) 0
0
0
0
1
roll:  (32, 26, 2) Pwin3: (32 26 4) hold:  (32, 26, 4) Pwin3: (26 36 0) roll:  (26, 36, 0) Pwin3: (36 27 0) roll:  (36, 27, 0) Pwin3: (36 27 2) hold:  (36, 27, 2) 1
roll:  (36, 27, 2) Pwin3: (36 27 4) 1
Pwin3: (36 27 5) 1
Pwin3: (36 27 6) 1
Pwin3: (36 27 7) 1
Pwin3: (36 27 8) 1
1
1
Pwin3: (36 27 3) hold:  (36, 27, 3) 1
roll:  (36, 27, 3) Pwin3: (36 27 9) 1
1
1
1
1
Pwin3: (26 36 2) hold:  (26, 36, 2) 0
roll:  (26, 36, 2) Pwin3: (26 36 4) hold:  (26, 36, 4) 0
roll:  (26, 36, 4) Pwin3: (26 36 6) hold:  (26, 36, 6) 0
roll:  (26, 36, 6) Pwin3: (26 36 8) hold:  (26, 36, 8) 0
roll:  (26, 36, 8) Pwin3: (26 36 10) hold:  (26, 36, 10) 0
roll:  (26, 36, 10) Pwin3: (26 36 12) hold:  (26, 36, 12) 1
roll:  (26, 36, 12) Pwin3: (26 36 14) 1
Pwin3: (26 36 15) 1
Pwin3: (26 36 16) 1
Pwin3: (26 36 17) 1
Pwin3: (26 36 18) 1
0
1
Pwin3: (26 36 13) hold:  (26, 36, 13) 1
roll:  (26, 36, 13) Pwin3: (26 36 19) 1
0
1
0
0
Pwin3: (26 36 11) hold:  (26, 36, 11) 1
roll:  (26, 36, 11) 0
1
0
0
Pwin3: (26 36 9) hold:  (26, 36, 9) 0
roll:  (26, 36, 9) 0
0
0
0
Pwin3: (26 36 7) hold:  (26, 36, 7) 0
roll:  (26, 36, 7) 0
0
0
0
Pwin3: (26 36 5) hold:  (26, 36, 5) 0
roll:  (26, 36, 5) 0
0
0
0
Pwin3: (26 36 3) hold:  (26, 36, 3) 0
roll:  (26, 36, 3) 0
0
0
0
1
roll:  (32, 26, 4) Pwin3: (32 26 6) hold:  (32, 26, 6) Pwin3: (26 38 0) roll:  (26, 38, 0) Pwin3: (38 27 0) roll:  (38, 27, 0) Pwin3: (38 27 2) 1
Pwin3: (38 27 3) 1
Pwin3: (38 27 4) 1
Pwin3: (38 27 5) 1
Pwin3: (38 27 6) 1
1
1
Pwin3: (26 38 2) hold:  (26, 38, 2) 0
roll:  (26, 38, 2) Pwin3: (26 38 4) hold:  (26, 38, 4) 0
roll:  (26, 38, 4) Pwin3: (26 38 6) hold:  (26, 38, 6) 0
roll:  (26, 38, 6) Pwin3: (26 38 8) hold:  (26, 38, 8) 0
roll:  (26, 38, 8) Pwin3: (26 38 10) hold:  (26, 38, 10) 0
roll:  (26, 38, 10) Pwin3: (26 38 12) hold:  (26, 38, 12) 0
roll:  (26, 38, 12) Pwin3: (26 38 14) 1
Pwin3: (26 38 15) 1
Pwin3: (26 38 16) 1
Pwin3: (26 38 17) 1
Pwin3: (26 38 18) 1
0
0
Pwin3: (26 38 13) hold:  (26, 38, 13) 1
roll:  (26, 38, 13) Pwin3: (26 38 19) 1
0
1
0
0
Pwin3: (26 38 11) hold:  (26, 38, 11) 0
roll:  (26, 38, 11) 0
0
0
0
Pwin3: (26 38 9) hold:  (26, 38, 9) 0
roll:  (26, 38, 9) 0
0
0
0
Pwin3: (26 38 7) hold:  (26, 38, 7) 0
roll:  (26, 38, 7) 0
0
0
0
Pwin3: (26 38 5) hold:  (26, 38, 5) 0
roll:  (26, 38, 5) 0
0
0
0
Pwin3: (26 38 3) hold:  (26, 38, 3) 0
roll:  (26, 38, 3) 0
0
0
0
1
roll:  (32, 26, 6) Pwin3: (32 26 8) 1
Pwin3: (32 26 9) 1
Pwin3: (32 26 10) 1
Pwin3: (32 26 11) 1
Pwin3: (32 26 12) 1
1
1
Pwin3: (32 26 7) hold:  (32, 26, 7) Pwin3: (26 39 0) roll:  (26, 39, 0) Pwin3: (39 27 0) roll:  (39, 27, 0) Pwin3: (27 40 0) 0
Pwin3: (39 27 2) 1
Pwin3: (39 27 3) 1
Pwin3: (39 27 4) 1
Pwin3: (39 27 5) 1
Pwin3: (39 27 6) 1
1
1
Pwin3: (26 39 2) hold:  (26, 39, 2) 0
roll:  (26, 39, 2) Pwin3: (26 39 4) hold:  (26, 39, 4) 0
roll:  (26, 39, 4) Pwin3: (26 39 6) hold:  (26, 39, 6) 0
roll:  (26, 39, 6) Pwin3: (26 39 8) hold:  (26, 39, 8) 0
roll:  (26, 39, 8) Pwin3: (26 39 10) hold:  (26, 39, 10) 0
roll:  (26, 39, 10) Pwin3: (26 39 12) hold:  (26, 39, 12) 0
roll:  (26, 39, 12) Pwin3: (26 39 14) 1
Pwin3: (26 39 15) 1
Pwin3: (26 39 16) 1
Pwin3: (26 39 17) 1
Pwin3: (26 39 18) 1
0
0
Pwin3: (26 39 13) hold:  (26, 39, 13) 0
roll:  (26, 39, 13) Pwin3: (26 39 19) 1
0
0
0
0
Pwin3: (26 39 11) hold:  (26, 39, 11) 0
roll:  (26, 39, 11) 0
0
0
0
Pwin3: (26 39 9) hold:  (26, 39, 9) 0
roll:  (26, 39, 9) 0
0
0
0
Pwin3: (26 39 7) hold:  (26, 39, 7) 0
roll:  (26, 39, 7) 0
0
0
0
Pwin3: (26 39 5) hold:  (26, 39, 5) 0
roll:  (26, 39, 5) 0
0
0
0
Pwin3: (26 39 3) hold:  (26, 39, 3) 0
roll:  (26, 39, 3) 0
0
0
0
1
roll:  (32, 26, 7) Pwin3: (32 26 13) 1
1
1
1
1
Pwin3: (32 26 5) hold:  (32, 26, 5) Pwin3: (26 37 0) roll:  (26, 37, 0) Pwin3: (37 27 0) roll:  (37, 27, 0) Pwin3: (37 27 2) hold:  (37, 27, 2) 1
roll:  (37, 27, 2) Pwin3: (37 27 4) 1
Pwin3: (37 27 5) 1
Pwin3: (37 27 6) 1
Pwin3: (37 27 7) 1
Pwin3: (37 27 8) 1
1
1
Pwin3: (37 27 3) 1
1
1
Pwin3: (26 37 2) hold:  (26, 37, 2) 0
roll:  (26, 37, 2) Pwin3: (26 37 4) hold:  (26, 37, 4) 0
roll:  (26, 37, 4) Pwin3: (26 37 6) hold:  (26, 37, 6) 0
roll:  (26, 37, 6) Pwin3: (26 37 8) hold:  (26, 37, 8) 0
roll:  (26, 37, 8) Pwin3: (26 37 10) hold:  (26, 37, 10) 0
roll:  (26, 37, 10) Pwin3: (26 37 12) hold:  (26, 37, 12) 1
roll:  (26, 37, 12) Pwin3: (26 37 14) 1
Pwin3: (26 37 15) 1
Pwin3: (26 37 16) 1
Pwin3: (26 37 17) 1
Pwin3: (26 37 18) 1
0
1
Pwin3: (26 37 13) hold:  (26, 37, 13) 1
roll:  (26, 37, 13) Pwin3: (26 37 19) 1
0
1
0
0
Pwin3: (26 37 11) hold:  (26, 37, 11) 0
roll:  (26, 37, 11) 0
0
0
0
Pwin3: (26 37 9) hold:  (26, 37, 9) 0
roll:  (26, 37, 9) 0
0
0
0
Pwin3: (26 37 7) hold:  (26, 37, 7) 0
roll:  (26, 37, 7) 0
0
0
0
Pwin3: (26 37 5) hold:  (26, 37, 5) 0
roll:  (26, 37, 5) 0
0
0
0
Pwin3: (26 37 3) hold:  (26, 37, 3) 0
roll:  (26, 37, 3) 0
0
0
0
1
roll:  (32, 26, 5) 1
1
1
1
Pwin3: (32 26 3) hold:  (32, 26, 3) Pwin3: (26 35 0) roll:  (26, 35, 0) Pwin3: (35 27 0) roll:  (35, 27, 0) Pwin3: (35 27 2) hold:  (35, 27, 2) 1
roll:  (35, 27, 2) Pwin3: (35 27 4) hold:  (35, 27, 4) 1
roll:  (35, 27, 4) Pwin3: (35 27 6) 1
Pwin3: (35 27 7) 1
Pwin3: (35 27 8) 1
Pwin3: (35 27 9) 1
Pwin3: (35 27 10) 1
1
1
Pwin3: (35 27 5) 1
1
1
Pwin3: (35 27 3) hold:  (35, 27, 3) 1
roll:  (35, 27, 3) 1
1
1
1
Pwin3: (26 35 2) hold:  (26, 35, 2) 0
roll:  (26, 35, 2) Pwin3: (26 35 4) hold:  (26, 35, 4) 0
roll:  (26, 35, 4) Pwin3: (26 35 6) hold:  (26, 35, 6) 0
roll:  (26, 35, 6) Pwin3: (26 35 8) hold:  (26, 35, 8) 0
roll:  (26, 35, 8) Pwin3: (26 35 10) hold:  (26, 35, 10) 1
roll:  (26, 35, 10) Pwin3: (26 35 12) hold:  (26, 35, 12) 1
roll:  (26, 35, 12) Pwin3: (26 35 14) 1
Pwin3: (26 35 15) 1
Pwin3: (26 35 16) 1
Pwin3: (26 35 17) 1
Pwin3: (26 35 18) 1
0
1
Pwin3: (26 35 13) hold:  (26, 35, 13) 1
roll:  (26, 35, 13) Pwin3: (26 35 19) 1
0
1
0
1
Pwin3: (26 35 11) hold:  (26, 35, 11) 1
roll:  (26, 35, 11) 0
1
0
0
Pwin3: (26 35 9) hold:  (26, 35, 9) 0
roll:  (26, 35, 9) 0
0
0
0
Pwin3: (26 35 7) hold:  (26, 35, 7) 0
roll:  (26, 35, 7) 0
0
0
0
Pwin3: (26 35 5) hold:  (26, 35, 5) 0
roll:  (26, 35, 5) 0
0
0
0
Pwin3: (26 35 3) hold:  (26, 35, 3) 0
roll:  (26, 35, 3) 0
0
0
0
1
roll:  (32, 26, 3) 1
1
1
1
Pwin3: (25 32 10) hold:  (25, 32, 10) 1
roll:  (25, 32, 10) Pwin3: (25 32 12) hold:  (25, 32, 12) 1
roll:  (25, 32, 12) Pwin3: (25 32 14) hold:  (25, 32, 14) 1
roll:  (25, 32, 14) Pwin3: (25 32 16) 1
Pwin3: (25 32 17) 1
Pwin3: (25 32 18) 1
Pwin3: (25 32 19) 1
Pwin3: (25 32 20) 1
0
1
Pwin3: (25 32 15) 1
0
1
Pwin3: (25 32 13) hold:  (25, 32, 13) 1
roll:  (25, 32, 13) 0
1
0
1
Pwin3: (25 32 11) hold:  (25, 32, 11) 1
roll:  (25, 32, 11) 0
1
0
1
1
